data/processed_data/bfs/bodenluft_4326_int_idw.asc
NCOLS 300
NROWS 300
XLLCORNER 11.5
YLLCORNER 49.3
DX 0.004
DY 0.00367
NODATA_VALUE -9999
[rows 208 to 233 of 300, columns 0 to 59 of 300]
78.171831 77.773152 77.368962 76.959337 76.544368 76.124157 75.698823 75.268494 74.833313 74.393432 73.949017 73.500239 73.047276 72.590311 72.129526 71.665098 71.197192 70.725958 70.251519 69.773959 69.293316 68.80956 68.322575 67.832134 67.33787 66.839233 66.335447 65.825443 65.307784 64.780564 64.241282 63.686672 63.112484 62.513199 61.881635 61.208424 60.481282 59.684006 58.795062 57.785603 56.616698 55.235567 53.570761 51.527058 48.983369 45.804211 41.892804 37.343903 32.751744 29.49529 29.255111 32.435718 37.515575 42.557444 46.524501 49.228254 50.872706 51.796287 52.366252 52.877653
78.168822 77.776075 77.378061 76.974859 76.566558 76.153258 75.735074 75.312127 74.884554 74.452496 74.016105 73.575538 73.130954 72.682513 72.230372 71.774676 71.315558 70.853127 70.387459 69.918589 69.446495 68.97108 68.492152 68.009399 67.522357 67.030366 66.532525 66.027622 65.51406 64.989747 64.451966 63.897199 63.320899 62.717181 62.078412 61.394644 60.652832 59.835735 58.920359 57.875736 56.659763 55.214748 53.461434 51.291885 48.564085 45.108756 40.77943 35.618739 30.237721 26.257603 25.846782 29.644539 35.734493 41.664476 46.194837 49.144927 50.77994 51.528956 51.900273 52.322809
78.166025 77.778942 77.386816 76.989726 76.587758 76.181012 75.769596 75.353627 74.933231 74.508543 74.0797 73.646844 73.210119 72.769662 72.325607 71.878074 71.427161 70.972945 70.515461 70.054699 69.590588 69.122972 68.6516 68.176089 67.695895 67.210276 66.718234 66.218454 65.709224 65.188328 64.65291 64.099303 63.522794 62.917317 62.275036 61.585779 60.83625 60.008923 59.080491 58.01965 56.783959 55.315463 53.534861 51.334716 48.574677 45.089298 40.739197 35.576332 30.214932 26.258684 25.852736 29.66238 35.815796 41.841083 46.436243 49.360883 50.839592 51.319651 51.43299 51.7551
78.163308 77.781625 77.395103 77.00382 76.607859 76.207318 75.8023 75.392915 74.979284 74.561528 74.139777 73.714156 73.284794 72.851811 72.415318 71.97541 71.532162 71.085617 70.635779 70.1826 69.725965 69.265678 68.801435 68.332801 67.859177 67.379757 66.893482 66.398973 65.894452 65.377638 64.845623 64.294691 63.720106 63.115809 62.474026 61.784728 61.034899 60.20752 59.280157 58.223005 56.996201 55.546242 53.801604 51.6685 49.030391 45.761929 41.784354 37.215209 32.657206 29.455408 29.248484 32.491905 37.743766 43.016441 47.127364 49.740447 50.959512 51.17633 51.079563 51.338929
78.160553 77.78401 77.402813 77.017036 76.626764 76.232087 75.833106 75.429926 75.022657 74.611415 74.196315 73.777473 73.355002 72.929006 72.499578 72.066793 71.630702 71.191324 70.748635 70.302558 69.852946 69.39957 68.942089 68.480034 68.012769 67.539453 67.058996 66.569991 66.070644 65.558675 65.031196 64.484551 63.914113 63.314015 62.676789 61.9929 61.250104 60.432596 59.519863 58.485168 57.293604 55.899789 54.245633 52.259629 49.861662 46.982884 43.620217 39.953184 36.519674 34.293494 34.297843 36.743471 40.682414 44.761505 48.04733 50.162798 51.103091 51.177748 51.026454 51.28461
78.157653 77.785993 77.409844 77.029281 76.644384 76.255241 75.861947 75.4646 75.063305 74.658169 74.249298 73.836796 73.420763 73.00129 72.578455 72.152314 71.722902 71.290216 70.854214 70.414794 69.97179 69.524948 69.073909 68.618181 68.157112 67.689854 67.215311 66.73209 66.238425 65.732094 65.210303 64.669549 64.105437 63.512448 62.88364 62.210257 61.481225 60.682501 59.796253 58.799871 57.66486 56.355889 54.830657 53.042229 50.947433 48.528262 45.836886 43.071281 40.655685 39.21892 39.321765 41.022088 43.740497 46.634741 49.043214 50.629797 51.345632 51.424822 51.369002 51.664376
78.15451 77.78748 77.41611 77.040472 76.660643 76.276709 75.888758 75.496885 75.101187 74.701763 74.29871 73.892123 73.482093 73.068697 72.652 72.232047 71.808858 71.382415 70.952661 70.519483 70.082699 69.642044 69.197151 68.747526 68.292519 67.831292 67.362779 66.885629 66.398149 65.898222 65.383215 64.849855 64.294079 63.710847 63.093901 62.435477 61.725934 60.95333 60.102925 59.156696 58.092992 56.88669 55.510571 53.939372 52.1591 50.185471 48.095018 46.0652 44.397946 43.470005 43.566887 44.67955 46.460074 48.401959 50.068603 51.20737 51.771332 51.927417 52.014578 52.346729
78.151039 77.788389 77.421531 77.050534 76.675474 76.296431 75.913489 75.526737 75.136267 74.74217 74.344537 73.943455 73.539003 73.131252 72.720256 72.30605 71.888643 71.468011 71.044086 70.616749 70.185813 69.751014 69.311988 68.86825 68.419174 67.963953 67.501572 67.030753 66.549911 66.057078 65.549831 65.025188 64.479494 63.908273 63.306059 62.666197 61.98061 61.239576 60.431514 59.542912 58.55854 57.462322 56.239461 54.880864 53.391322 51.802892 50.193152 48.702046 47.530195 46.894229 46.933906 47.619849 48.741959 49.998158 51.113265 51.917319 52.377557 52.602329 52.796208 53.140547
78.147164 77.788647 77.426038 77.059404 76.688817 76.314352 75.93609 75.554116 75.168513 74.779369 74.386766 73.990786 73.591501 73.188972 72.78325 72.374361 71.962308 71.547064 71.128557 70.706669 70.281217 69.851945 69.418504 68.980435 68.537144 68.087878 67.631691 67.167406 66.69357 66.2084 65.709717 65.194875 64.660671 64.103242 63.517961 62.899313 62.240792 61.534826 60.772791 59.945216 59.042331 58.055255 56.978249 55.812616 54.572853 53.2951 52.046231 50.928401 50.069764 49.592742 49.564242 49.95403 50.633964 51.423817 52.154937 52.719775 53.096546 53.348416 53.588973 53.91565
78.142817 77.78819 77.429572 77.067027 76.700621 76.330428 75.956524 75.578987 75.197898 74.813338 74.425384 74.034111 73.639586 73.241867 72.840996 72.437 72.029879 71.619604 71.206107 70.789276 70.36894 69.944858 69.516707 69.084063 68.646381 68.202975 67.752985 67.295352 66.828779 66.351685 65.862164 65.357927 64.836241 64.293871 63.727019 63.131277 62.50161 61.832396 61.11759 60.351074 59.527349 58.642749 57.697423 56.698348 55.663432 54.626212 53.639496 52.774607 52.111907 51.72047 51.631845 51.821277 52.209983 52.690057 53.159443 53.551546 53.850663 54.089465 54.326598 54.611215
78.137941 77.786965 77.432082 77.073354 76.710844 76.344621 75.974756 75.601323 75.224399 74.844059 74.460376 74.07342 73.683255 73.289934 72.893499 72.493973 72.09136 71.685633 71.276734 70.864559 70.448956 70.029709 69.606527 69.179031 68.746737 68.309033 67.865163 67.414197 66.955005 66.486227 66.006235 65.513104 65.00457 64.478005 63.930397 63.358352 62.758143 62.125822 61.457456 60.749534 59.999658 59.207607 58.3769 57.516891 56.645247 55.790206 54.991426 54.297541 53.758723 53.414285 53.278914 53.334228 53.531457 53.805519 54.094544 54.356932 54.580141 54.778332 54.979189 55.205458
78.132487 77.784925 77.433526 77.078348 76.71945 76.356898 75.990758 75.621101 75.247997 74.871517 74.491731 74.108705 73.7225 73.333168 72.940749 72.545269 72.146735 71.745128 71.3404 70.932466 70.521193 70.106397 69.687828 69.265158 68.837969 68.405737 67.967814 67.523409 67.071568 66.611153 66.140817 65.658988 65.163852 64.653346 64.125169 63.576821 63.005687 62.409182 61.785013 61.131576 60.448559 59.737793 59.004382 58.258041 57.514442 56.796078 56.13188 55.554672 55.095909 54.778301 54.60857 54.5737 54.643204 54.77728 54.937802 55.097951 55.247037 55.388887 55.534548 55.692842
78.126416 77.782033 77.433869 77.081977 76.726413 76.367237 76.004511 75.638302 75.268676 74.895699 74.519437 74.139955 73.75731 73.371553 72.982728 72.590863 72.19597 71.798042 71.397044 70.99291 70.585536 70.174772 69.760413 69.342189 68.919754 68.492677 68.060423 67.622345 67.177665 66.725464 66.264668 65.794041 65.312183 64.817541 64.308438 63.783131 63.23991 62.677256 62.094086 61.490102 60.866281 60.2255 59.573302 58.918681 58.27472 57.658736 57.091489 56.595063 56.189342 55.887653 55.692934 55.596104 55.57776 55.61296 55.677458 55.753106 55.830515 55.908146 55.988474 56.07328
78.119697 77.778262 77.433087 77.08422 76.731712 76.37562 76.016001 75.652916 75.286426 74.916595 74.543486 74.167159 73.787671 73.405073 73.019412 72.630719 72.239017 71.844308 71.446575 71.045775 70.641833 70.234638 69.824034 69.409811 68.991701 68.569367 68.142391 67.710267 67.272393 66.828062 66.376456 65.91665 65.447618 64.968254 64.477412 63.97397 63.456931 62.925573 62.379658 61.819722 61.247442 60.666075 60.080932 59.49981 58.933211 58.394166 57.897418 57.457815 57.088007 56.795874 56.582473 56.441356 56.359755 56.321406 56.31012 56.312836 56.321151 56.33092 56.340391 56.347982
78.112306 77.773591 77.431162 77.085062 76.735338 76.38204 76.025221 75.664937 75.301244 74.934203 74.563871 74.190308 73.81357 73.433708 73.05077 72.664796 72.275815 71.883844 71.488885 71.090918 70.689901 70.285762 69.878396 69.467659 69.05336 68.635256 68.213047 67.786366 67.35478 66.917781 66.474791 66.025167 65.568212 65.103207 64.629445 64.146301 63.65332 63.150351 62.637716 62.116429 61.588465 61.057042 60.526904 60.004511 59.49806 59.017183 58.572247 58.173194 57.828045 57.541371 57.313173 57.13861 57.008783 56.912422 56.837946 56.775234 56.71657 56.65658 56.591468 56.51815
78.10423 77.76801 77.428088 77.0845 76.737288 76.386497 76.032173 75.674368 75.313133 74.948523 74.580593 74.209399 73.834995 73.457436 73.07677 72.693044 72.306297 71.916559 71.52385 71.128177 70.729531 70.32788 69.923173 69.515328 69.104234 68.689742 68.271666 67.849774 67.423792 66.993402 66.558243 66.117925 65.672042 65.220196 64.762044 64.297346 63.826051 63.348399 62.865053 62.377261 61.88703 61.397308 60.912128 60.436666 59.977158 59.540595 59.134155 58.76439 58.436252 58.152166 57.911399 57.709955 57.541075 57.396242 57.266393 57.142985 57.018625 56.887236 56.743907 56.58482
78.095464 77.761518 77.423864 77.082536 76.737568 76.388998 76.036867 75.68122 75.322103 74.959565 74.593657 74.224431 73.851941 73.476241 73.097382 72.715415 72.33039 71.942351 71.551336 71.157377 70.760497 70.360708 69.958009 69.552382 69.143792 68.732183 68.317479 67.899578 67.478357 67.053671 66.62536 66.193259 65.757211 65.317094 64.872854 64.424553 63.972429 63.516981 63.059058 62.599974 62.141617 61.686549 61.238067 60.800191 60.377535 59.975039 59.597531 59.249153 58.932718 58.649138 58.397043 58.172728 57.970465 57.783091 57.602732 57.421461 57.231771 57.026859 56.80086 56.549256
78.086013 77.754121 77.418503 77.079186 76.736196 76.389564 76.039324 75.685514 75.328174 74.967346 74.603076 74.235413 73.864407 73.49011 73.112577 72.731863 72.348025 71.96112 71.571204 71.178334 70.782564 70.383947 69.98253 69.57836 69.171474 68.761907 68.349686 67.934834 67.517369 67.097308 66.674673 66.249499 65.821848 65.391831 64.959629 64.525535 64.089999 63.653678 63.217508 62.782768 62.351144 61.924774 61.506258 61.098606 60.705108 60.329104 59.973645 59.641096 59.332695 59.048176 58.785528 58.540942 58.308986 58.082931 57.855179 57.617673 57.362255 57.081016 56.766749 56.413706
78.075889 77.745836 77.412025 77.074472 76.733196 76.388221 76.039573 75.687281 75.331376 74.971895 74.608877 74.242363 73.872402 73.499042 73.122337 72.742347 72.359135 71.972768 71.583318 71.190866 70.795493 70.397291 69.996355 69.59279 69.186705 68.77822 68.367463 67.954572 67.539698 67.123009 66.704695 66.284971 65.864094 65.442372 65.020185 64.598008 64.176443 63.756249 63.338386 62.924044 62.514674 62.112 61.717991 61.334796 60.964623 60.609539 60.271223 59.950668 59.647874 59.361581 59.08909 58.8262 58.567265 58.305352 58.032463 57.73976 57.417824 57.056988 56.647898 56.18251
78.065115 77.736691 77.404459 77.068428 76.728607 76.385012 76.037657 75.686563 75.331753 74.973253 74.611095 74.245313 73.875947 73.503044 73.126656 72.746841 72.363666 71.977207 71.587551 71.194795 70.799048 70.400436 69.9991 69.595196 69.188904 68.780421 68.369972 67.957803 67.544194 67.129451 66.713921 66.297986 65.882078 65.466683 65.052352 64.639713 64.229488 63.822505 63.419715 63.022205 62.631194 62.248024 61.874112 61.510883 61.159651 60.821462 60.496893 60.185832 59.887248 59.598982 59.317594 59.03827 58.754789 58.459549 58.143614 57.796785 57.407709 56.96412 56.453371 55.863534
78.053724 77.726722 77.395847 77.0611 76.722478 76.379986 76.03363 75.683417 75.32936 74.971475 74.609782 74.244307 73.875081 73.502144 73.125541 72.745331 72.361579 71.974366 71.583789 71.189959 70.793008 70.393091 69.990389 69.585108 69.177489 68.767805 68.356369 67.943532 67.529692 67.11529 66.70082 66.286824 65.873898 65.462694 65.053923 64.648352 64.246809 63.850183 63.459415 63.075494 62.699434 62.332244 61.974874 61.628141 61.292621 60.968518 60.655502 60.352532 60.057673 59.767919 59.479036 59.185438 58.880069 58.554309 58.197861 57.798643 57.342695 56.814211 56.195873 55.469826
78.041756 77.715975 77.386241 77.052543 76.714869 76.37321 76.02756 75.677913 75.324269 74.966631 74.605006 74.239409 73.869859 73.496384 73.119024 72.737826 72.352857 71.964195 71.571941 71.176217 70.777171 70.374983 69.969866 69.562071 69.151893 68.739675 68.325812 67.910755 67.495014 67.079161 66.663831 66.249723 65.837595 65.428265 65.0226 64.621511 64.22594 63.836843 63.455171 63.081844 62.717714 62.363518 62.019821 61.686936 61.364825 61.052989 60.750327 60.454989 60.164221 59.874195 59.579849 59.274711 58.950713 58.59797 58.204508 57.75594 57.235108 56.621762 55.892479 55.021199
78.029264 77.704508 77.375704 77.042828 76.705855 76.364762 76.019529 75.670136 75.316567 74.95881 74.596856 74.230704 73.860359 73.485834 73.107156 72.724363 72.33751 71.946671 71.551945 71.153458 70.751368 70.34587 69.937203 69.525656 69.111571 68.695353 68.277473 67.858474 67.438976 67.019677 66.601355 66.184863 65.77113 65.361144 64.955944 64.556599 64.164186 63.77976 63.404317 63.038753 62.683815 62.34004 62.007687 61.68666 61.376412 61.075845 60.78319 60.495873 60.210376 59.922074 59.625051 59.311888 58.9734 58.598293 58.172725 57.679741 57.098573 56.403846 55.564843 54.545196
78.01631 77.692389 77.36431 77.032034 76.695521 76.354735 76.009636 75.66019 75.306362 74.94812 74.58544 74.218299 73.846683 73.470589 73.090023 72.705007 72.315582 71.921809 71.523779 71.121612 70.715467 70.30555 69.892114 69.475475 69.056015 68.634192 68.210545 67.785704 67.360392 66.935434 66.51175 66.090358 65.672362 65.258942 64.851329 64.450781 64.058549 63.675831 63.303722 62.943159 62.594853 62.259216 61.936288 61.625652 61.326342 61.036746 60.754501 60.476374 60.198127 59.914354 59.618286 59.301536 58.953769 58.562246 58.111219 57.581109 56.94743 56.179427 55.238504 54.076705
78.002964 77.679697 77.352145 77.020255 76.683971 76.343237 75.997997 75.648196 75.293779 74.934694 74.570891 74.202327 73.828964 73.450774 73.06774 72.679862 72.287156 71.889666 71.487463 71.080655 70.669391 70.253873 69.834363 69.411191 68.984767 68.55559 68.124259 67.691483 67.258087 66.825015 66.393338 65.964244 65.539034 65.119098 64.705897 64.300921 63.905647 63.52148 63.149687 62.791322 62.447146 62.117537 61.802406 61.501098 61.21231 60.933988 60.663237 60.396208 60.127974 59.85237 59.561788 59.246893 58.896236 58.495708 58.027778 57.470439 56.795766 55.967982 54.940986 53.655462
77.98931 77.666522 77.339309 77.007599 76.671318 76.330392 75.984743 75.634294 75.278966 74.918683 74.553369 74.182951 73.807365 73.426552 73.040466 72.649074 72.252364 71.850351 71.443076 71.030623 70.613122 70.190758 69.763785 69.332536 68.897433 68.459007 68.017902 67.574897 67.130909 66.687005 66.244407 65.804486 65.368759 64.938862 64.516526 64.103532 63.70165 63.312574 62.937833 62.578701 62.23609 61.910448 61.601652 61.308905 61.030638 60.764421 60.506871 60.253554 59.998875 59.735928 59.456289 59.149726 58.803772 58.403115 57.928727 57.356628 56.656148 55.78753 54.698705 53.321196
