data/processed_data/bfs/bodenluft_4326_int_idw.asc
NCOLS 300
NROWS 300
XLLCORNER 11.5
YLLCORNER 49.3
DX 0.004
DY 0.00367
NODATA_VALUE -9999
[rows 234 to 259 of 300, columns 0 to 59 of 300]
77.975439 77.652966 77.325912 76.994186 76.657694 76.316341 75.970026 75.618645 75.262094 74.900268 74.53306 74.160365 73.782084 73.398123 73.008397 72.612836 72.211389 71.804028 71.390757 70.971623 70.546719 70.116201 69.680298 69.239328 68.793711 68.343989 67.890839 67.435094 66.977756 66.520009 66.063228 65.608983 65.159027 64.715283 64.279804 63.85473 63.442212 63.044334 62.663003 62.299833 61.956015 61.632191 61.328316 61.043547 60.776132 60.523314 60.281256 60.044956 59.808153 59.563204 59.300898 59.010165 58.677656 58.287101 57.818385 57.246218 56.538241 55.652374 54.533175 53.107092
77.961453 77.639141 77.312077 76.98015 76.643245 76.301242 75.954014 75.601431 75.243357 74.879654 74.510181 74.134796 73.753357 73.365729 72.971782 72.571397 72.164472 71.75093 71.330722 70.90384 70.470328 70.030293 69.583921 69.131493 68.673406 68.210192 67.74254 67.27132 66.797603 66.322681 65.848085 65.375591 64.907218 64.445212 63.992015 63.550204 63.122422 62.711263 62.319154 61.948204 61.600039 61.275641 60.975185 60.69789 60.441901 60.204188 59.980475 59.765182 59.551365 59.330627 59.092972 58.826552 58.517277 58.148198 57.698595 57.14266 56.447612 55.571067 54.457455 53.033378
77.947466 77.625171 77.297939 76.965639 76.628131 76.285268 75.936897 75.582855 75.222973 74.857075 74.484981 74.106505 73.721461 73.32966 72.930919 72.525061 72.111924 71.691364 71.263267 70.827554 70.384199 69.933239 69.474795 69.009086 68.53646 68.057412 67.572616 67.082952 66.589541 66.093769 65.597314 65.102165 64.61063 64.125325 63.649145 63.185207 62.736763 62.307074 61.899262 61.516118 61.159901 60.832123 60.53334 60.262973 60.019151 59.798614 59.596649 59.407061 59.222164 59.032749 58.828 58.595318 58.31999 57.984649 57.568452 57.045871 56.38499 55.545164 54.473939 53.103267
77.933597 77.611188 77.283645 76.950814 76.612528 76.268613 75.918883 75.563142 75.201184 74.832792 74.457741 74.075795 73.686713 73.290251 72.886161 72.474198 72.054125 71.625719 71.188782 70.743147 70.288696 69.825373 69.353204 68.87232 68.382983 67.885621 67.380856 66.869548 66.352834 65.832167 65.30936 64.786612 64.266538 63.752166 63.246919 62.754561 62.2791 61.824647 61.395234 60.994574 60.625805 60.291208 59.991936 59.72777 59.496935 59.29598 59.119729 58.961298 58.812145 58.662128 58.499521 58.310928 58.081073 57.792374 57.424263 56.952186 56.346195 55.569106 54.574214 53.302832
77.919979 77.597338 77.269355 76.935849 76.596627 76.251484 75.900199 75.542541 75.178261 74.807097 74.428774 74.043002 73.649478 73.247892 72.837922 72.419244 71.991533 71.554472 71.107759 70.651119 70.184318 69.707177 69.219599 68.721588 68.213286 67.695008 67.167282 66.630902 66.086977 65.536991 64.982858 64.426977 63.872275 63.322229 62.780865 62.25271 61.742698 61.25601 60.797849 60.373154 59.986257 59.640518 59.337956 59.07893 58.86189 58.683231 58.537262 58.416275 58.310692 58.209234 58.099071 57.965886 57.793798 57.5651 57.259771 56.854716 56.322742 55.631277 54.740994 53.604732
77.90675 77.583774 77.255237 76.920931 76.580633 76.234105 75.881092 75.52132 75.154496 74.780309 74.398429 74.008504 73.610164 73.203023 72.786676 72.360707 71.924689 71.478194 71.020799 70.552096 70.071706 69.5793 69.074618 68.557499 68.027917 67.486025 66.9322 66.36711 65.79178 65.207667 64.616739 64.021559 63.425356 62.832081 62.246429 61.673818 61.120295 60.592368 60.09674 59.639949 59.22793 58.865522 58.555974 58.300503 58.09795 57.944597 57.834146 57.757864 57.704853 57.66238 57.616206 57.550832 57.449611 57.294666 57.066612 56.744064 56.302974 55.7159 54.95143 53.974243
77.894057 77.57066 77.241472 76.906258 76.564765 76.216719 75.861826 75.49977 75.130208 74.752778 74.367087 73.972717 73.569224 73.156137 72.732958 72.299167 71.85422 71.397561 70.928623 70.44684 69.951663 69.442575 68.919113 68.380905 67.827704 67.259435 66.676261 66.078649 65.46746 64.844046 64.210355 63.569056 62.923642 62.278536 61.63916 61.011941 60.404249 59.824219 59.280448 58.781547 58.335576 57.949388 57.62794 57.373683 57.186076 57.061331 56.992408 56.969255 56.979243 57.00772 57.038576 57.054722 57.038428 56.971448 56.834945 56.609243 56.273472 55.805269 55.180782 54.375454
77.882056 77.558166 77.228249 76.89204 76.549254 76.19958 75.842683 75.4782 75.105739 74.724878 74.335161 73.936096 73.527158 73.107783 72.677369 72.235279 71.780841 71.313348 70.832071 70.33626 69.825163 69.298035 68.754172 68.192933 67.613788 67.016367 66.400533 65.766461 65.114749 64.446536 63.763649 63.068761 62.365558 61.658904 60.954965 60.261291 59.586792 58.941572 58.336592 57.783132 57.292053 56.872917 56.533042 56.27662 56.104038 56.011502 55.991037 56.030855 56.116028 56.229327 56.352111 56.465113 56.549035 56.584902 56.554172 56.438676 56.220479 55.881842 55.405559 54.776037
77.870906 77.546471 77.215766 76.878497 76.534343 76.182956 75.823959 75.45694 75.081452 74.697013 74.303095 73.899132 73.484508 73.058558 72.620569 72.169774 71.705354 71.226439 70.732113 70.221415 69.693356 69.14693 68.581136 67.99501 67.38767 66.758367 66.106569 65.432049 64.735014 64.016257 63.277337 62.520794 61.75038 60.97131 60.19048 59.416637 58.66044 57.93434 57.252224 56.628773 56.078518 55.614654 55.247727 54.984377 54.826345 54.769924 54.805945 54.920324 55.095042 55.3094 55.541328 55.76857 55.969596 56.124188 56.213711 56.221166 56.131142 55.929884 55.605696 55.14999
77.860775 77.535759 77.204228 76.865855 76.520284 76.167129 75.805966 75.436334 75.05773 74.669606 74.271363 73.86235 73.441857 73.009113 72.56328 72.103451 71.62865 71.137822 70.629843 70.103517 69.557584 68.990732 68.401617 67.788889 67.151238 66.487447 65.796476 65.077567 64.330388 63.555211 62.75314 61.926384 61.078577 60.215126 59.343564 58.473856 57.618594 56.792971 56.014445 55.301997 54.674934 54.151296 53.746029 53.46918 53.324446 53.308347 53.410189 53.612838 53.894132 54.228697 54.58984 54.951249 55.288297 55.578874 55.803772 55.946759 55.994504 55.936569 55.76569 55.478563
77.851831 77.52622 77.193845 76.854348 76.507338 76.152387 75.789026 75.416742 75.034974 74.643105 74.240462 73.826305 73.399826 72.960139 72.506276 72.03718 71.5517 71.048585 70.526481 69.983929 69.419369 68.831141 68.217506 67.576666 66.906801 66.206127 65.472978 64.705917 63.903894 63.066455 62.194014 61.288189 60.352228 59.391483 58.413934 57.430695 56.456406 55.509391 54.6114 53.78679 53.061038 52.45861 52.000408 51.701191 51.567443 51.596135 51.774634 52.081773 52.489863 52.967276 53.481132 53.999693 54.494155 54.939741 55.316145 55.607518 55.802221 55.892592 55.874945 55.749964
77.844248 77.518046 77.184832 76.844216 76.495771 76.139027 75.773471 75.398534 75.013596 74.617973 74.21091 73.791579 73.359068 72.912371 72.450383 71.971889 71.475553 70.959911 70.423362 69.864162 69.280416 68.670082 68.030975 67.360784 66.6571 65.91747 65.13947 64.320825 63.459571 62.554287 61.604408 60.610642 59.575491 58.503893 57.403961 56.28775 55.17196 54.078373 53.033798 52.069231 51.218038 50.513138 49.98344 49.650148 49.523663 49.601748 49.869342 50.300016 50.858781 51.505713 52.199735 52.901946 53.578048 54.199717 54.745029 55.198218 55.549095 55.792446 55.927623 55.958473
77.8382 77.511431 77.177405 76.835701 76.485854 76.127353 75.759638 75.382089 74.994022 74.594684 74.183242 73.758774 73.320261 72.866575 72.396468 71.90856 71.401322 70.873065 70.321928 69.745857 69.1426 68.509695 67.844466 67.144029 66.405311 65.625085 64.800043 63.926901 63.002568 62.02439 60.9905 59.9003 58.755101 57.558946 56.319603 55.049692 53.767807 52.499402 51.277099 50.139957 49.131318 48.295093 47.670822 47.288395 47.163602 47.295503 47.666093 48.242234 48.979456 49.826959 50.732906 51.649054 52.534025 53.354983 54.087921 54.717004 55.233471 55.634493 55.922253 56.103383
77.83386 77.506569 77.171782 76.829045 76.477858 76.117669 75.74787 75.367789 74.976682 74.573725 74.158004 73.728505 73.284101 72.82354 72.345429 71.848215 71.330174 70.789384 70.223707 69.630771 69.007941 68.352309 67.660669 66.929512 66.155028 65.333126 64.459488 63.529656 62.539199 61.483949 60.360382 59.166155 57.900855 56.56702 55.171433 53.726682 52.252857 50.779097 49.344503 47.997729 46.794537 45.792934 45.046322 44.596005 44.464956 44.654235 45.142506 45.88843 46.835545 47.918995 49.072934 50.237036 51.360942 52.40627 53.346581 54.166047 54.857574 55.420946 55.861299 56.188036
77.8314 77.503654 77.168179 76.82449 76.472053 76.110276 75.738506 75.356017 74.962006 74.55558 74.135745 73.701395 73.251297 72.784073 72.298183 71.791906 71.263314 70.71025 70.130298 69.52075 68.878583 68.200416 67.482487 66.720622 65.910218 65.046242 64.123254 63.13548 62.07694 60.941687 59.724178 58.419858 57.026005 55.542942 53.975658 52.335887 50.644533 48.934143 47.250769 45.654215 44.215421 43.010142 42.109387 41.56886 41.42057 41.668509 42.288169 43.229005 44.41999 45.778373 47.220128 48.669348 50.064411 51.360329 52.528076 53.55219 54.427793 55.15781 55.750735 56.219018
77.830991 77.502874 77.166807 76.822274 76.468707 76.105475 75.731882 75.347152 74.950422 74.540733 74.117013 73.678067 73.222556 72.74898 72.255656 71.740693 71.201965 70.637079 70.043338 69.417703 68.756749 68.056621 67.312983 66.520971 65.675154 64.7695 63.79737 62.751551 61.62435 60.407802 59.094018 57.675783 56.147475 54.506438 52.754953 50.902873 48.970946 46.994494 45.026687 43.139938 41.42336 39.974559 38.886086 38.230536 38.050075 38.352806 39.112816 40.271143 41.740166 43.414515 45.186407 46.959784 48.659022 50.231516 51.645807 52.887525 53.954896 54.854785 55.599671 56.205525
77.832796 77.504414 77.167872 76.822627 76.468078 76.103558 75.728328 75.341564 74.942348 74.529658 74.102347 73.659133 73.198577 72.719061 72.218764 71.695633 71.147348 70.571286 69.964477 69.323556 68.644705 67.923594 67.155317 66.334317 65.454322 64.508279 63.488305 62.385679 61.190887 59.893771 58.483845 56.950861 55.285771 53.482229 51.538871 49.462549 47.272656 45.006321 42.723617 40.510806 38.478338 36.750092 35.443601 34.648509 34.415439 34.758065 35.655294 37.045293 38.823136 40.85432 42.999261 45.135625 47.170633 49.043311 50.720407 52.189826 53.454108 54.525078 55.41997 56.158833
77.836973 77.50845 77.171573 76.825772 76.470417 76.104805 75.728159 75.33961 74.93819 74.522813 74.092266 73.645185 73.180037 72.695093 72.188403 71.657759 71.10066 70.514264 69.895344 69.240221 68.544702 67.804003 67.012666 66.164462 65.252296 64.268108 63.202781 62.046077 60.786628 59.412013 57.909011 56.264119 54.464496 52.49956 50.363516 48.059177 45.603347 43.033778 40.416895 37.853806 35.479638 33.449383 31.907486 30.954385 30.639194 30.983449 31.989372 33.608698 35.719415 38.146396 40.7057 43.240726 45.638436 47.829504 49.78028 51.482645 52.944937 54.185066 55.225801 56.091805
77.843671 77.515151 77.178098 76.831921 76.47596 76.109484 75.731677 75.341632 74.93833 74.520634 74.087266 73.636789 73.167584 72.67782 72.165428 71.628061 71.063049 70.467353 69.837506 69.169543 68.458925 67.700447 66.888139 66.015144 65.073599 64.054494 62.947543 61.741059 60.421883 58.975388 57.385649 55.635885 53.709362 51.591017 49.270189 46.744948 44.028541 41.158261 38.206205 35.289198 32.570937 30.243789 28.47917 27.36697 26.92157 27.178457 28.217077 30.040683 32.503479 35.364496 38.375906 41.338107 44.116333 46.63464 48.86148 50.794899 52.450633 53.853714 55.033079 56.01837
77.853031 77.524672 77.187623 76.84127 76.48493 76.117844 75.739164 75.347945 74.94313 74.52353 74.087813 73.634475 73.161822 72.667936 72.15064 71.607464 71.035592 70.431809 69.792437 69.11326 68.389432 67.615379 66.784676 65.889913 64.922543 63.872713 62.729088 61.478684 60.106726 58.596579 56.929837 55.08668 53.046711 50.790575 48.302834 45.576726 42.621595 39.473702 36.210396 32.965244 29.935734 27.362779 25.447967 24.218147 23.548883 23.513043 24.431873 26.42502 29.272176 32.61134 36.106592 39.511424 42.672911 45.513207 48.006603 50.159749 51.997168 53.551703 54.85873 55.952934
77.865183 77.537159 77.20031 76.854002 76.497531 76.130114 75.750877 75.358843 74.952918 74.531874 74.09433 73.638727 73.163307 72.666076 72.14477 71.596814 71.01927 70.408776 69.761479 69.072953 68.338099 67.551035 66.704961 65.79201 64.80307 63.727593 62.553382 61.26638 59.850478 58.287381 56.556626 54.635865 52.501634 50.130969 47.504374 44.610948 41.456668 38.07702 34.554679 31.041035 27.77403 25.065595 23.179309 21.985735 20.874247 20.054889 20.630198 22.830277 26.151909 30.026471 34.023838 37.864164 41.389058 44.526937 47.262357 49.612605 51.611676 53.300227 54.719784 55.909703
77.880242 77.552743 77.216305 76.870281 76.513947 76.146503 75.76705 75.374587 74.967991 74.546 74.107196 73.649975 73.172528 72.672802 72.148464 71.596857 71.014947 70.39926 69.745809 69.050006 68.306561 67.50936 66.651325 65.724245 64.718595 63.623315 62.42558 61.110559 59.661184 58.057979 56.279027 54.300204 52.095919 49.640728 46.912397 43.89732 40.599483 37.054563 33.350659 29.656316 26.252816 23.552217 21.992672 21.284856 19.152948 16.387862 16.62134 19.355348 23.337711 27.799934 32.282593 36.514245 40.351992 43.73976 46.675698 49.188295 51.320414 53.119539 54.632337 55.901955
77.898313 77.57154 77.235739 76.890251 76.534341 76.16719 75.787885 75.395405 74.988605 74.566198 74.126738 73.668591 73.189908 72.688596 72.162273 71.608225 71.023353 70.404106 69.746408 69.045568 68.29617 67.491954 66.625669 65.688898 64.671867 63.56322 62.349777 61.01628 59.545148 57.916297 56.107084 54.092546 51.846134 49.34137 46.555001 43.472608 40.097985 36.468 32.674911 28.897983 25.445929 22.809905 21.673156 21.972841 17.240173 11.133823 12.418573 16.365926 21.162088 26.176451 31.0543 35.580734 39.644843 43.210391 46.288753 48.917628 51.146433 53.027363 54.610463 55.941295
77.919485 77.593648 77.258721 76.914036 76.558848 76.192329 75.813554 75.421489 75.014974 74.592709 74.153229 73.694879 73.215792 72.713848 72.186639 71.631422 71.045063 70.423976 69.764041 69.060521 68.307952 67.500017 66.629404 65.687633 64.664864 63.549673 62.328818 60.986988 59.506572 57.867493 56.047175 54.020818 51.762183 49.245304 46.447717 43.356126 39.975743 36.344866 32.556196 28.785597 25.32647 22.61776 21.163044 20.202973 11.829588 6.2475557 9.6837186 14.721442 20.075179 25.410076 30.49245 35.161455 39.332641 42.983609 46.133343 48.823902 51.107317 53.037398 54.66522 56.03699
77.943832 77.61915 77.285343 76.941737 76.587582 76.222045 75.844195 75.452992 75.04727 74.625723 74.186878 73.729076 73.250443 72.748852 72.221893 71.666818 71.080495 70.459337 69.799234 69.095463 68.342583 67.534315 66.663402 65.721445 64.698719 63.583966 62.364174 61.024354 59.547343 57.913676 56.101617 54.087499 51.846586 49.354851 46.592223 43.548095 40.230123 36.677317 32.977704 29.288086 25.844795 22.923657 20.575087 17.55099 11.35484 7.9498364 10.493636 15.168807 20.39399 25.655542 30.681663 35.307297 39.44853 43.082468 46.226378 48.920082 51.213389 53.158163 54.803879 56.195466
77.971411 77.64811 77.315676 76.973432 76.620629 76.256432 75.879911 75.490027 75.085617 74.665375 74.227835 73.771344 73.294036 72.793801 72.268244 71.714641 71.129892 70.510454 69.852271 69.150694 68.400377 67.595171 66.727984 65.790638 64.773698 63.666291 62.45591 61.128237 59.666991 58.053867 56.268651 54.289637 52.094586 49.662541 46.977001 44.03106 40.835207 37.428099 33.889283 30.348867 26.97899 23.92761 21.116819 17.975429 14.318141 12.418134 13.847822 17.471908 22.043701 26.877897 31.601695 36.006234 39.985965 43.504146 46.567491 49.207358 51.466796 53.392382 55.029517 56.420031
