data/processed_data/bfs/bodenluft_4326_int_idw.asc
NCOLS 300
NROWS 300
XLLCORNER 11.5
YLLCORNER 49.3
DX 0.004
DY 0.00367
NODATA_VALUE -9999
[rows 104 to 129 of 300, columns 120 to 179 of 300]
249.52685 230.01808 214.49951 202.00524 191.71136 183.03345 175.56737 169.02231 163.17504 157.84271 152.86587 148.09465 143.37112 138.50056 133.20162 127.02205 119.21445 108.66578 94.533152 79.669529 74.553707 83.606564 96.028044 104.79391 109.74541 112.18125 113.06866 112.93772 112.00684 110.26166 107.48457 103.33749 97.915734 93.394829 93.641761 97.79497 101.74616 104.03578 104.97225 105.09444 104.81619 104.41817 104.0616 103.7942 103.57554 103.32715 102.9795 102.49438 101.86816 101.12801 100.32038 99.488293 98.643904 97.75279 96.741805 95.524107 94.024581 92.195187 90.021776 87.529221
261.16548 234.69693 215.59347 201.22844 189.94148 180.73372 172.98969 166.3051 160.39155 155.02661 150.02714 145.23118 140.47723 135.5696 130.21358 123.89371 115.65394 103.7868 86.096234 64.743118 57.106662 72.273345 90.25997 101.48609 107.36257 110.16075 111.22094 111.20275 110.35184 108.61149 105.61716 100.65612 93.169326 85.91731 86.698036 93.881239 99.673771 102.56426 103.5256 103.4355 102.87915 102.26148 101.84165 101.71807 101.84012 102.07342 102.27848 102.35753 102.26384 101.99116 101.55601 100.97823 100.26404 99.397475 98.343744 97.061136 95.514467 93.684505 91.572355 89.20024
270.43951 237.29991 215.20771 199.40184 187.38368 177.8061 169.89328 163.15519 157.24939 151.91626 146.94925 142.17807 137.45063 132.60018 127.37944 121.3331 113.57041 102.44985 85.809481 65.581009 58.293991 72.699653 89.760855 100.37053 105.88829 108.49634 109.49388 109.52332 108.815 107.29064 104.55391 99.821996 92.343917 84.746826 85.625983 93.271452 99.117126 101.74304 102.25233 101.58715 100.42935 99.342034 98.752925 98.837236 99.47921 100.3971 101.31616 102.05812 102.54123 102.74587 102.68155 102.36451 101.80494 101.00245 99.948539 98.633293 97.052832 95.214531 93.139303 90.861972
271.71115 235.54223 212.3313 196.01755 183.74281 174.05595 166.14026 159.47386 153.67917 148.46148 143.58787 138.87992 134.20504 129.4548 124.49201 119.04167 112.52088 103.91427 92.292149 79.828015 75.465668 83.17486 93.718573 101.06092 105.09758 107.01646 107.73325 107.75653 107.2652 106.17432 104.16849 100.7504 95.708934 91.08338 91.585036 96.287074 100.13417 101.60526 101.14378 99.418823 97.135246 95.118131 94.158802 94.597246 96.12558 98.113559 100.03719 101.62281 102.78165 103.51333 103.84549 103.8069 103.41927 102.6977 101.65512 100.30768 98.679336 96.804187 94.727024 92.503636
261.17775 228.23617 206.51577 190.83635 178.83819 169.32426 161.59261 155.15202 149.60406 144.61095 139.90043 135.27663 130.62642 125.9185 121.17681 116.38983 111.35555 105.62869 98.996805 92.845816 90.597516 93.504979 98.360474 102.21188 104.40561 105.36437 105.65131 105.64442 105.45545 104.96685 103.93335 102.13128 99.70497 97.814919 98.166404 100.31953 102.05249 102.08016 100.22583 96.795894 92.490911 88.633511 86.90773 88.084319 91.289352 95.056641 98.443549 101.12702 103.09505 104.4248 105.19319 105.45599 105.25162 104.61103 103.56683 102.15979 100.44183 98.475905 96.333769 94.094204
240.95152 216.34344 198.16612 183.96438 172.61322 163.47251 156.09031 150.05351 144.93368 140.31673 135.85951 131.32513 126.60112 121.72846 116.93156 112.55463 108.80623 105.51524 102.4003 99.808882 98.770904 99.635658 101.35165 102.68247 103.17655 103.05736 102.80438 102.78339 103.0323 103.31023 103.322 102.92968 102.31675 102.0639 102.74001 104.02019 104.65249 103.42687 99.793878 93.753057 85.870548 78.272238 74.937192 77.889491 84.464465 91.207815 96.66817 100.72775 103.63719 105.63754 106.88669 107.47572 107.46009 106.88521 105.80286 104.2797 102.39914 100.25776 97.95856 95.604576
217.61053 202.52572 188.33386 175.74629 165.0652 156.31733 149.39105 143.97447 139.54869 135.53783 131.46985 127.03137 122.06547 116.62681 111.14722 106.52712 103.66194 102.52099 102.19083 102.00841 101.99725 102.23849 102.39777 102.00237 100.90881 99.495715 98.510676 98.544616 99.526291 100.8698 102.03877 102.86218 103.53147 104.46479 106.00694 107.88784 108.72409 106.58962 100.62959 90.811312 77.039702 62.000605 55.281609 62.637414 75.740397 87.011199 95.081987 100.69072 104.61757 107.34416 109.11949 110.06178 110.23461 109.69352 108.50952 106.77896 104.62411 102.18449 99.602212 97.008977
197.72247 189.55651 178.09864 166.5256 156.11947 147.5062 141.04752 136.56591 133.27727 130.24552 126.78523 122.48728 117.08698 110.48026 103.14735 96.907153 94.387104 95.91946 98.912313 101.24333 102.4582 102.71039 102.00469 100.17557 97.238781 93.87844 91.640166 91.900283 94.321797 97.377665 99.995416 101.99481 103.72774 105.7763 108.76929 112.83306 115.81076 113.1092 103.76215 89.229107 68.016442 41.317555 28.750245 44.717033 67.39659 83.762163 94.332553 101.37017 106.28589 109.7743 112.12999 113.46003 113.81447 113.25354 111.87005 109.79615 107.20492 104.29502 101.26144 98.272746
185.14435 178.7039 167.97888 156.47852 145.53915 136.32311 130.16696 127.20483 125.88311 124.44337 121.91791 117.89001 111.97239 103.58508 92.593876 81.898131 78.798382 85.093756 93.362995 98.950778 101.64508 102.16583 100.83374 97.51139 92.012302 85.168084 80.289849 81.209559 86.750993 92.76329 97.285369 100.45923 103.09226 106.15072 110.8435 118.37051 125.96915 122.82262 108.69497 90.198888 64.96234 31.689986 15.499336 37.000631 64.641592 83.304361 95.115153 103.10127 108.89274 113.19329 116.2202 117.98878 118.50191 117.83128 116.10503 113.49561 110.24056 106.62475 102.91795 99.334964
177.41687 169.0459 157.93684 145.8164 133.06952 121.41027 114.93787 114.84923 117.15364 118.2393 117.03053 113.48949 107.2986 97.178874 81.190212 61.951314 56.649859 71.549432 87.392466 96.566396 100.64095 101.4299 99.570666 94.69909 85.805326 72.892927 62.235487 64.852354 76.897283 87.550171 94.245144 98.379451 101.594 105.26415 110.91418 120.35383 130.77682 127.34899 111.08073 92.761896 71.286407 46.414871 34.814615 49.132058 70.283919 86.401024 97.681581 106.04227 112.64484 117.91217 121.79439 124.0708 124.65567 123.70297 121.4347 118.04186 113.82086 109.18872 104.5244 100.09162
168.61235 159.28233 148.20353 135.57639 119.32399 100.64642 92.015463 98.352351 107.36443 112.01684 112.29545 109.40056 103.59202 93.317877 74.996374 49.328406 41.779123 63.774448 84.547674 95.562391 100.22415 101.07684 98.870867 92.888093 80.95413 60.855107 41.2515 46.803345 68.017726 83.334915 91.419933 95.799438 99.055134 102.76837 108.0621 115.62682 122.49398 119.68953 107.98856 94.530732 80.505719 67.190564 61.483821 67.894525 80.036056 91.71327 101.58387 110.09353 117.68788 124.33025 129.45392 132.30111 132.62115 130.96606 127.91048 123.50128 117.96682 111.94709 105.99109 100.38952
158.32284 149.87495 139.99957 128.70205 108.44698 74.009673 59.59942 79.682972 98.457447 106.59929 107.777 105.28945 100.5542 92.658729 78.673674 59.672706 54.237464 70.473367 87.206787 96.652267 100.71665 101.36979 99.161626 93.182832 80.958276 59.731097 38.356212 44.459855 66.904991 82.002355 89.097576 92.426877 95.050333 98.509745 103.07443 108.07667 111.27562 109.39734 102.79718 94.569458 86.551227 80.230061 78.058084 81.421049 88.604339 97.163802 105.98555 114.95137 124.11099 133.01626 140.23703 143.69172 142.56974 138.91274 134.86164 129.56159 122.48779 114.74344 107.18442 100.05889
148.59575 142.23746 135.00438 129.27599 110.16859 60.885971 41.445741 71.394287 94.377464 102.87731 103.15901 100.0241 96.440694 92.5354 86.154898 78.071702 76.15598 83.738746 93.077324 99.15637 101.86346 102.17495 100.3715 95.586918 86.174003 71.511382 58.629407 61.439946 74.190648 83.253078 86.584382 87.175678 88.46707 92.060821 96.945525 101.2051 103.2298 102.02957 98.009263 92.787534 88.101424 85.310945 85.32575 88.416957 94.054082 101.42308 110.10159 120.17449 131.87128 144.73217 156.14247 160.68478 154.80626 144.78362 139.69745 135.02648 126.75913 117.23743 107.96264 99.040743
140.00997 137.01901 133.34765 133.88498 121.41883 84.514569 67.717762 82.371923 96.534264 100.73797 97.479215 91.346152 88.010653 88.964491 90.023826 89.482283 90.213951 93.952515 98.574753 101.73524 102.95179 102.91438 101.86895 98.878553 93.029262 84.962693 78.602196 78.60989 82.631777 84.619103 82.238016 77.73639 76.805079 82.201098 89.842826 95.499702 97.847309 96.933323 93.417807 88.698549 84.907069 83.915299 85.996716 90.366771 96.422331 103.99783 113.33314 125.12492 140.44466 159.91072 180.52263 190.09184 173.95326 146.39077 139.37383 138.21368 129.77686 118.95977 108.27315 97.635456
131.74858 133.11315 132.09163 131.40534 123.22877 105.69847 95.388263 97.327804 101.04164 99.139054 89.854485 76.389518 71.135939 79.526275 89.103716 94.315738 97.29986 100.0172 102.36849 103.45051 103.06892 102.59018 102.72888 101.74282 98.74165 94.525396 90.96945 89.423814 88.486415 84.680546 75.045834 61.307689 56.366977 67.760486 82.137312 91.013128 94.275552 93.117471 88.380507 81.409153 75.778651 75.95209 81.387595 88.585649 96.265521 104.8297 115.20963 128.85727 148.15787 176.43026 214.22029 242.49291 216.44506 160.35069 143.06206 140.12546 131.03976 119.62004 108.25028 96.62982
123.46574 129.23971 129.98893 128.16123 122.9436 114.99468 109.06142 106.85206 104.80245 98.165911 82.657462 58.363254 48.592131 67.87192 86.674247 96.381641 101.06882 103.6166 104.80598 104.30145 101.99317 100.72781 102.59808 103.74914 102.85771 100.76613 98.444832 96.147285 92.608927 84.779783 68.11007 41.963809 30.964384 53.077572 76.381363 88.548901 92.443944 90.467154 83.135572 70.762249 59.141283 60.868899 72.87769 84.482914 94.303505 104.05956 115.39574 130.2848 152.07513 186.6112 240.04108 292.35938 264.58057 190.21733 155.72956 142.4318 130.9213 119.32995 108.12958 96.762339
117.50277 126.00366 128.11499 126.98797 123.78803 119.47111 115.49017 112.19485 107.91279 99.536195 82.836128 57.078787 46.622254 67.491286 87.889824 98.687824 103.84147 106.19222 106.73761 105.39693 102.18659 100.53984 103.20509 105.5866 106.0388 105.22381 103.68156 101.29181 96.882916 87.771223 69.477125 41.134756 29.140171 52.772012 77.014329 89.232303 92.663034 89.584326 79.695074 61.312336 41.022731 44.984582 65.019687 80.059661 91.22486 101.88417 113.81448 128.8272 150.02113 182.49912 230.09212 271.92884 251.66369 196.4097 161.23823 142.66347 129.59403 118.34148 107.98619 97.878234
116.62898 124.48838 127.00301 126.6516 124.70268 121.93368 118.90507 115.60263 111.13562 103.81694 91.658706 76.111548 70.261003 81.074897 94.135995 102.36194 106.6436 108.52208 108.75653 107.54467 105.34051 104.35462 106.02993 108.03378 108.98414 108.96182 108.134 106.25226 102.39501 94.776152 81.186862 63.45875 56.701785 69.401231 84.715859 93.22933 95.09814 91.16613 80.786556 62.616709 43.366087 46.754554 63.723071 76.137297 86.925565 98.358209 110.74656 124.99373 143.09363 167.48484 197.26324 218.1355 208.94896 180.62708 156.0942 139.34811 127.0187 116.79188 107.66005 99.115686
119.38791 124.57867 126.60096 126.59226 125.36071 123.41492 121.0303 118.178 114.47909 109.32188 102.33756 95.031028 92.170127 95.944289 102.04291 106.82298 109.62359 110.83001 110.86095 110.06139 108.9849 108.6307 109.50677 110.86298 111.93793 112.50218 112.4757 111.5901 109.20422 104.3489 96.467138 87.687164 84.19444 88.659424 95.450099 99.544535 99.548079 95.209861 86.200663 73.087756 61.436523 59.811446 63.059076 68.599094 79.758282 93.416984 106.84935 120.1509 134.58505 151.00345 167.58697 177.56974 174.2253 160.96717 146.21313 133.74394 123.52963 114.78658 106.96071 99.772292
122.54875 125.30428 126.56406 126.60773 125.7933 124.38715 122.53464 120.25508 117.49007 114.2199 110.60073 107.27002 105.63451 106.52667 108.87766 111.1383 112.55059 113.01098 112.70527 111.9898 111.37733 111.37897 112.16073 113.43007 114.7845 115.99494 116.95103 117.45845 117.05034 115.01365 111.03453 106.37823 103.72269 104.26128 106.21354 107.1408 105.62523 101.06589 93.333819 83.173267 72.580941 61.397152 48.575968 49.887667 68.242098 87.762565 103.23747 115.80386 127.16161 138.03662 147.4438 152.66408 151.49346 144.99998 136.30744 127.63978 119.70932 112.49966 105.84308 99.630259
124.56385 125.83271 126.51651 126.56396 126.0559 125.08032 123.68817 121.90022 119.78391 117.58699 115.6891 114.22159 113.3147 113.32082 114.04819 114.84954 115.2 114.87494 113.91307 112.65687 111.80906 112.05811 113.39777 115.29115 117.32665 119.39902 121.5767 123.88616 125.97091 126.74189 125.01419 121.41531 118.23618 116.79593 116.43903 115.62786 113.09905 108.23219 100.8834 90.99449 77.355391 54.823885 24.221364 25.434627 57.611219 84.348881 101.50581 113.13031 121.99348 129.25666 134.79121 137.65669 137.11476 133.53916 128.15767 122.12067 116.04968 110.14555 104.41295 98.802897
125.18744 125.74908 126.18848 126.3533 126.17604 125.62157 124.65027 123.20563 121.26186 119.03997 117.40843 117.12225 117.38173 117.64505 117.89659 117.95116 117.52026 116.34026 114.2348 111.40679 109.23372 109.81854 112.80544 116.25683 119.45312 122.60674 126.20504 130.76555 136.29171 140.73999 140.20458 135.12513 130.20855 127.63609 126.61066 125.28921 122.15784 116.73142 109.13713 99.018934 84.124758 59.254383 28.022193 29.192981 61.089542 87.28278 103.10999 112.79024 119.26507 123.90435 127.0425 128.46365 127.93401 125.59574 121.95133 117.5639 112.82558 107.91612 102.85582 97.55679
124.4869 124.86434 125.40352 125.89237 126.16715 126.10532 125.58545 124.4277 122.32896 119.01571 115.93098 116.84765 119.34843 120.63894 120.97861 120.67307 119.65494 117.58903 113.87147 108.00134 102.35246 103.68792 110.43577 116.56053 121.24844 125.51512 130.48656 137.46041 147.59388 158.06043 157.95359 148.0481 140.31902 137.55759 137.6145 137.16379 133.58781 126.91818 118.53453 108.74922 96.095152 78.547824 61.107754 61.711511 79.771002 97.203212 108.36194 114.84459 118.67992 121.04568 122.38399 122.71183 121.9386 120.08893 117.34703 113.96147 110.13181 105.94848 101.37406 96.224194
122.40922 122.99785 124.00858 125.11018 126.04019 126.61667 126.6731 125.95587 123.98421 120.12506 115.99314 117.47031 121.41184 123.41827 123.85568 123.32323 121.88303 119.12478 114.01563 104.98039 94.704199 97.121887 108.50649 117.16771 123.03083 128.07632 133.9218 142.43096 156.13481 173.01474 172.85811 157.21908 147.91496 146.90968 150.79923 153.46905 148.89434 139.0413 128.80978 119.63052 110.65396 101.26096 94.138208 94.9384 102.96836 111.32898 116.51027 118.88064 119.69617 119.82067 119.58507 118.97772 117.87154 116.1824 113.92055 111.15633 107.95507 104.31975 100.14318 95.143755
118.59068 119.82491 121.81485 123.94155 125.81349 127.23488 128.06333 128.08868 126.96029 124.41629 121.87983 122.72908 125.35338 126.80848 126.95699 126.17205 124.48224 121.49395 116.26767 107.57052 98.309686 100.45504 110.84901 119.22004 125.13934 130.33207 136.25064 144.42833 156.65788 170.72888 170.7449 158.7648 152.61978 155.65009 167.18501 177.09251 169.1447 152.15705 138.74055 130.22444 125.01224 122.09382 121.59498 123.74981 126.78267 128.01326 126.80166 124.25991 121.58848 119.38643 117.70645 116.3102 114.90281 113.26775 111.29693 108.9556 106.22555 103.04948 99.274548 94.572689
112.14995 114.76797 118.59615 122.35638 125.53718 128.04561 129.85999 130.89989 131.05997 130.44527 129.80842 130.08806 130.77245 130.94925 130.46368 129.37264 127.58494 124.80414 120.58356 114.85647 110.03482 111.05373 116.75097 122.59116 127.58467 132.39343 137.83253 144.60073 152.79728 160.02506 160.92833 157.00725 155.51917 162.08056 181.68938 201.45202 187.52476 162.05019 146.31055 139.28817 138.25093 141.80058 148.35611 154.20787 154.50989 148.26488 138.95977 130.12252 123.33624 118.76809 115.89077 113.9814 112.44141 110.90042 109.17263 107.17301 104.8447 102.10378 98.788606 94.593805
