data/processed_data/bfs/bodenluft_4326_int_idw.asc
NCOLS 300
NROWS 300
XLLCORNER 11.5
YLLCORNER 49.3
DX 0.004
DY 0.00367
NODATA_VALUE -9999
[rows 208 to 233 of 300, columns 180 to 239 of 300]
66.00904 68.576377 72.412871 77.592516 84.085756 91.167694 96.788345 98.383346 95.708192 91.227143 87.21028 84.49595 83.171766 83.170562 83.771776 82.726593 79.274132 75.232555 71.703294 68.872944 66.688229 65.019009 63.644117 62.248568 60.475073 58.121948 55.665972 54.529603 55.354361 56.733399 57.203161 56.178036 53.257927 47.764762 39.998756 35.700641 40.752473 49.150203 55.587868 59.670552 62.085545 63.373467 63.876282 63.837196 63.486588 63.079581 62.838435 62.807624 62.744585 62.124621 60.136227 55.60159 47.899242 42.325909 48.138375 59.41237 69.217136 77.807348 87.10236 98.848576
66.103044 68.430711 71.687739 75.690699 80.209438 84.670861 88.075611 89.485509 88.878807 87.210452 85.535151 84.429777 84.182578 85.319148 87.789464 87.116735 81.526028 75.492035 70.65734 67.030869 64.493031 62.886032 61.918022 61.19658 60.369473 59.296202 58.201536 57.57347 57.58189 57.76058 57.502361 56.447198 54.388232 51.230766 47.652885 46.078411 48.384969 52.765421 56.799038 59.67571 61.425682 62.23216 62.252912 61.643511 60.653619 59.709222 59.30396 59.621159 60.25879 60.384534 58.931785 54.489051 46.102178 39.56709 46.011741 58.009258 67.453479 74.826285 82.022229 90.180058
66.027092 68.146684 70.898659 74.054578 77.381682 80.515709 82.984399 84.438159 84.93088 84.910439 84.876205 85.051793 85.43806 86.524517 89.145552 88.606083 81.920117 74.532102 68.47692 63.928633 60.960765 59.508839 59.164789 59.309735 59.429088 59.296549 58.967662 58.624005 58.332533 57.949105 57.276731 56.234493 54.864409 53.309605 51.988 51.725379 53.051479 55.41544 57.828851 59.683045 60.763603 61.012033 60.395407 58.918156 56.79331 54.734144 53.901111 54.89425 56.907398 58.486372 58.437379 55.865494 50.805667 47.452033 51.792544 59.964882 66.727138 71.914021 76.941073 82.602021
65.842771 67.82097 70.181267 72.755265 75.371811 77.824095 79.903389 81.507895 82.749579 83.935778 85.365271 86.960375 87.972716 87.757732 87.274518 85.385744 79.475824 71.885138 64.758925 59.054147 55.517836 54.425933 55.133581 56.51285 57.72238 58.438962 58.673833 58.540052 58.099429 57.336785 56.263157 55.04072 53.976294 53.347719 53.288754 53.878161 55.113295 56.73608 58.318735 59.496318 60.031228 59.735471 58.382432 55.702987 51.652218 47.260558 45.297377 47.655465 52.287793 56.203205 58.113688 57.898599 56.337503 55.741966 58.264085 62.500169 66.011576 68.608196 71.768053 76.181614
65.585793 67.475882 69.559252 71.744439 73.931512 76.021707 77.94944 79.745127 81.600124 83.884059 87.033314 91.059658 94.305643 93.411408 88.7186 83.241122 76.385541 68.099457 59.514202 52.079027 47.667788 47.303103 49.791361 52.961862 55.493408 57.068076 57.791766 57.816787 57.213123 55.988233 54.229313 52.328285 51.043909 51.004873 52.087084 53.700441 55.409492 56.990349 58.269925 59.078307 59.236435 58.498008 56.446369 52.392857 45.568393 36.827066 32.204884 37.32661 46.556352 53.651211 57.622634 59.29237 59.788719 60.417704 61.949748 63.707244 64.363672 64.195932 66.059526 70.616217
65.308434 67.137017 69.031079 70.955994 72.871339 74.751733 76.616683 78.581375 80.930285 84.21731 89.369873 97.405876 106.56826 106.86314 95.605652 84.047926 74.171863 64.149491 53.506437 43.596432 37.903801 38.747039 43.812016 49.218719 53.151732 55.518929 56.650511 56.776585 55.93621 54.028018 51.009173 47.422004 45.00341 45.572164 48.525784 51.877127 54.592714 56.544804 57.826755 58.479208 58.42957 57.435685 54.955911 49.913209 40.577346 26.686189 18.139861 27.134854 41.695924 51.674403 57.193281 60.040966 61.548967 62.612442 63.54659 63.792187 62.14767 59.20733 60.525039 66.336967
65.060246 66.840025 68.60064 70.341697 72.0657 73.796286 75.603312 77.649968 80.281685 84.200993 90.803767 102.40058 118.34607 120.69581 102.41767 85.236114 72.57123 60.962834 48.573355 36.275376 29.434459 31.836051 39.116667 46.299625 51.198736 54.076779 55.479078 55.661669 54.554018 51.781112 46.791604 39.784721 34.339075 36.025711 42.795587 49.07439 53.250546 55.758519 57.157515 57.75988 57.640663 56.628294 54.197988 49.237547 39.89064 25.662989 16.745165 26.091142 41.088425 51.387912 57.269571 60.552452 62.450426 63.626245 64.23572 63.812357 61.354807 57.636577 58.824878 64.660362
64.882594 66.625515 68.28616 69.881866 71.444858 73.032175 74.739599 76.738338 79.356796 83.246277 89.67051 100.51059 114.34399 116.02559 100.18693 83.769231 70.967782 59.283652 46.907654 34.405497 26.061526 30.550231 37.952366 45.106256 49.950313 52.870014 54.389551 54.65073 53.401817 49.918505 42.828354 30.968395 19.859501 23.622889 36.617708 46.484521 52.044581 54.961045 56.392961 56.934871 56.822055 55.999678 54.086745 50.298172 43.609371 34.546553 29.540814 35.084259 45.050372 52.951697 58.009322 61.103646 63.006666 64.160472 64.677094 64.324203 62.73242 60.797052 61.753171 65.433615
64.815945 66.544284 68.129432 69.592551 70.98947 72.407665 73.956901 75.783357 78.122719 81.392783 86.264682 93.24839 100.26809 100.27973 91.231886 79.821298 69.295587 59.174196 48.755237 38.933716 33.378853 34.91584 40.214268 45.404541 49.174418 51.747971 53.341979 53.830115 52.774226 49.275122 41.580374 27.60577 13.269266 18.289418 34.524053 45.754103 51.585894 54.377877 55.57453 55.932869 55.819514 55.300829 54.156887 51.949082 48.34745 44.133522 42.228913 44.948524 50.315128 55.397185 59.172706 61.745899 63.441223 64.502733 65.03181 65.00782 64.471695 64.022417 64.75831 66.610823
64.908588 66.671812 68.215076 69.54056 70.731101 71.92619 73.260372 74.841955 76.780954 79.227446 82.34227 85.95798 88.687583 87.920726 82.890176 75.638572 67.854893 59.936606 52.051058 45.142137 41.112256 40.962888 43.125869 45.628998 47.973364 50.235706 52.1372 53.163158 52.756118 50.174 44.237619 34.06819 24.595896 27.84627 39.07797 47.553756 52.052711 54.02187 54.611131 54.570816 54.368887 54.175239 53.851634 53.09499 51.767558 50.347241 50.0171 51.610315 54.568621 57.730211 60.398811 62.407359 63.819738 64.742209 65.260054 65.44789 65.445692 65.557957 66.119977 67.085454
65.219241 67.128474 68.708756 69.87776 70.760714 71.628308 72.690553 74.025021 75.617868 77.399942 79.246254 80.879025 81.63304 80.564069 77.314737 72.468995 66.802278 60.807313 54.910326 49.798501 46.283243 44.506265 43.702502 43.593578 44.907517 47.595655 50.481377 52.52292 53.181366 52.112846 49.001178 44.129234 40.25454 41.552225 46.486031 50.774617 53.065254 53.683928 53.279877 52.547773 52.102534 52.229261 52.750531 53.253376 53.491881 53.635158 54.174301 55.472671 57.402882 59.522998 61.453469 63.012648 64.159204 64.916354 65.342224 65.53571 65.645737 65.850359 66.273143 66.876961
65.795458 68.088221 69.918652 70.904924 71.239518 71.562165 72.273493 73.42319 74.881462 76.393811 77.604472 78.19193 77.931615 76.584246 74.019038 70.405727 66.091528 61.420547 56.724025 52.3346 48.384496 44.466423 40.092702 36.872585 38.139162 43.082531 48.194678 51.825776 53.812239 54.368328 53.797898 52.626755 51.754933 51.990274 53.082063 54.026683 54.091821 53.089784 51.310197 49.494216 48.588575 49.092424 50.632382 52.403371 53.894178 55.086293 56.235748 57.574019 59.128265 60.753128 62.268248 63.543088 64.500176 65.097581 65.345655 65.348508 65.295986 65.378516 65.694881 66.218624
66.584037 69.682401 72.292297 73.09542 72.344549 71.714078 71.962286 73.041627 74.721941 76.597346 77.893066 77.879258 76.675274 74.746037 72.234293 69.161447 65.619269 61.748157 57.670813 53.378242 48.469898 41.826921 32.329671 23.974503 26.72358 36.942749 45.64673 51.204717 54.52799 56.530857 57.957796 59.32025 60.247038 59.753178 58.318866 56.770822 54.867421 52.132365 48.595977 45.207076 43.569571 44.597902 47.559306 50.819814 53.486306 55.513004 57.156122 58.653192 60.115872 61.541836 62.874488 64.042691 64.951953 65.462962 65.461814 65.044686 64.554684 64.344864 64.574174 65.210542
67.243438 71.532004 75.756943 76.49032 73.865638 71.853746 71.585068 72.737711 75.074806 78.246972 80.685791 80.109937 77.282256 74.211951 71.330608 68.414865 65.293616 61.899319 58.158962 53.820504 48.144246 39.439076 25.546827 11.821513 16.611501 32.415391 44.086442 51.024543 55.323145 58.423724 61.400006 64.95453 67.739172 66.430444 62.59106 58.999101 55.458695 51.071377 45.573965 40.339868 37.953579 39.275116 44.126723 49.081841 52.805148 55.474431 57.494495 59.159879 60.639341 62.01577 63.328627 64.588624 65.717576 66.399355 66.127146 64.884666 63.483805 62.72742 62.867433 63.765438
67.072626 72.058685 77.609884 78.431662 74.359962 71.409205 70.853037 72.17816 75.355051 80.509286 85.184183 83.822229 78.576975 74.089475 70.748635 67.879267 65.035862 61.984036 58.530887 54.343156 48.70222 40.2252 27.574971 15.937159 20.01891 33.896364 44.707002 51.548391 56.167859 59.864238 63.74285 68.770057 73.19916 71.176066 65.517348 60.679689 56.123812 50.57653 43.49854 36.740821 38.73959 34.418047 41.732588 48.042225 52.352608 55.345375 57.577534 59.356906 60.869522 62.253967 63.647097 65.209744 67.037217 68.644968 68.315632 65.301437 61.995829 60.311203 60.379464 61.700105
65.488043 69.677226 74.298449 75.168382 72.152344 69.827958 69.482122 70.917958 74.395346 80.366943 86.037443 84.375416 78.262276 73.369411 70.009286 67.329853 64.779278 62.058882 58.950407 55.17956 50.314107 43.813998 35.864449 30.015695 32.08515 39.662659 46.927645 52.535112 56.932923 60.717672 64.572682 69.082318 72.706544 71.085331 66.316962 61.798438 57.164391 51.385535 43.955142 35.745793 27.228795 33.673307 42.267359 48.389744 52.392439 55.304081 57.575016 59.389489 60.899065 62.276079 63.755306 65.721346 68.771379 72.893361 73.629078 66.599565 59.62578 56.881477 56.974931 58.933866
62.509391 64.870928 67.580581 68.663216 67.886603 67.156154 67.356087 68.665257 71.470085 76.020555 80.071629 79.262343 75.2156 71.568491 68.875913 66.649713 64.48336 62.13231 59.424986 56.197293 52.295902 47.741669 43.199262 40.437614 41.087006 44.429722 48.827827 53.333708 57.467991 61.123346 64.450027 67.482816 69.348127 68.646485 66.073013 62.820694 58.830286 53.689544 47.364246 40.904298 37.351572 40.274969 45.829608 49.776852 52.699657 55.323502 57.552794 59.33455 60.773205 62.062554 63.500612 65.627083 69.511433 76.287393 79.315041 66.525704 55.625763 53.960323 53.148605 55.628133
58.38467 58.493755 59.6683 61.484762 62.917382 63.853806 64.595287 65.457803 66.914305 69.317387 71.695482 72.10816 70.756885 69.028687 67.418354 65.845055 64.146348 62.196875 59.90074 57.180983 54.013185 50.536544 47.208814 44.765344 43.885511 45.208382 48.782351 53.358036 57.72149 61.421926 64.418961 66.663675 67.889847 67.84967 66.666042 64.487339 61.271018 57.041451 52.19898 47.867362 45.883518 47.112454 49.190109 50.491035 52.68357 55.317328 57.552443 59.242575 60.518824 61.597247 62.774351 64.517802 67.582828 72.246122 72.705562 60.172181 49.468401 59.639246 48.273678 52.127495
53.337154 50.476974 50.298591 53.840271 57.876994 60.440387 61.529973 61.552276 61.154304 61.483241 63.211293 65.183893 66.211974 66.324346 65.861067 65.002001 63.800716 62.256215 60.343557 58.028313 55.284361 52.109598 48.493765 44.410177 40.782106 41.107199 46.29101 52.569078 57.845539 61.921634 65.010701 67.257975 68.691474 69.272999 68.876674 67.313998 64.565744 60.929207 56.998488 53.624422 51.611879 50.786685 49.631315 49.565328 52.415236 55.448183 57.665002 59.158793 60.15764 60.892784 61.61489 62.600044 64.004036 65.067746 62.474909 52.842764 37.648644 15.267691 38.468358 49.67373
48.363896 41.889103 40.266267 46.54367 53.527991 57.504201 58.639274 57.38033 54.392538 52.291147 54.352823 58.743651 62.126563 63.86607 64.427295 64.228458 63.496417 62.332031 60.763782 58.770716 56.275545 53.083432 48.72445 42.455106 35.470359 35.206395 43.31061 51.903807 58.255037 62.839546 66.303162 69.028302 71.174766 72.637338 72.956827 71.639961 68.800686 65.121668 61.350742 58.064566 55.487464 53.167995 50.62692 50.419923 53.291842 56.10575 57.987349 59.106819 59.697311 59.967566 60.122323 60.324901 60.510959 59.981896 57.160635 50.507801 39.91275 32.403277 40.536616 50.641426
45.866338 37.771354 35.519848 42.983327 51.168476 55.618422 56.456134 53.839484 48.030462 43.250126 46.340911 53.556598 58.987154 61.961051 63.293814 63.619076 63.283455 62.455151 61.197876 59.49879 57.252979 54.187739 49.726202 43.153679 36.030468 35.790698 43.976285 52.819681 59.420063 64.286561 68.188491 71.644449 74.925872 77.838935 79.254947 77.817312 74.029995 69.519985 65.295929 61.730374 58.820951 56.300477 54.268102 53.993701 55.546802 57.299465 58.489444 59.061689 59.118965 58.80484 58.301487 57.792273 57.315894 56.54659 54.765719 51.323356 46.747909 44.499506 47.83852 54.12875
47.160943 41.116134 39.650797 44.996093 51.360213 55.005724 55.389566 52.23906 45.649909 40.259438 43.561036 51.38096 57.38986 60.847624 62.578117 63.237793 63.198757 62.65191 61.679007 60.281941 58.376802 55.758877 52.095569 47.278857 42.925139 43.162308 48.747676 55.598787 61.421066 66.187087 70.425332 74.664502 79.351903 84.487766 87.955589 85.866822 79.902217 73.837106 68.773677 64.780044 61.736516 59.471091 57.966303 57.481734 57.912044 58.599053 59.021013 58.965668 58.388531 57.347667 56.019601 54.713554 53.755918 53.210727 52.742884 51.91705 50.89193 50.94476 53.301735 57.627035
50.448435 47.143569 46.517811 49.34733 53.081813 55.41442 55.482648 52.937839 48.22714 44.779537 46.967268 52.559869 57.436262 60.567531 62.308498 63.106126 63.258121 62.934609 62.219382 61.13305 59.640318 57.658508 55.128009 52.302011 50.307802 50.909341 54.393787 59.14502 63.856847 68.269962 72.658316 77.476886 83.273643 90.496236 96.732654 93.522084 84.968716 77.451947 71.533966 67.011038 63.738033 61.598011 60.376395 59.806666 59.671382 59.667442 59.455828 58.784079 57.499469 55.553505 53.090987 50.623669 49.000919 48.735075 49.536145 50.820346 52.180042 53.850525 56.407924 60.056041
53.659475 52.034934 51.802507 53.173376 55.108148 56.402836 56.380402 54.8483 52.364612 50.81016 52.032879 55.251349 58.513824 60.91698 62.415972 63.201548 63.454498 63.299284 62.809737 62.021364 60.944341 59.589315 58.037377 56.587441 55.886369 56.66538 59.045998 62.433638 66.217186 70.199183 74.533703 79.561549 85.628879 92.588419 97.928084 95.295137 87.584423 79.857286 73.373742 68.226838 64.371715 61.986741 61.084986 60.890054 60.74101 60.427655 59.771185 58.549873 56.531377 53.511413 49.481519 45.144584 42.441156 42.683251 44.712812 47.908827 51.404469 54.62427 57.834167 61.407371
56.100368 55.31812 55.245117 55.923378 56.906855 57.605033 57.621673 56.890657 55.815538 55.291915 56.054166 57.863921 59.902235 61.597242 62.776904 63.471288 63.763077 63.729433 63.428647 62.903063 62.19031 61.34648 60.489243 59.853337 59.794799 60.643174 62.469411 65.063688 68.174281 71.715605 75.809317 80.741365 86.870129 94.121663 99.645664 97.493243 89.324213 81.16767 74.338236 68.600557 63.774783 60.55749 60.157413 61.003716 61.308643 60.962676 60.028437 58.367428 55.690253 51.594552 45.714042 38.541016 33.904376 36.397043 39.420516 44.123556 49.675684 54.372757 58.328057 62.040387
57.806835 57.451615 57.463732 57.841027 58.37914 58.794508 58.885736 58.640756 58.291581 58.247582 58.811591 59.911301 61.204594 62.376595 63.270712 63.853785 64.150392 64.202313 64.052376 63.742457 63.320205 62.853507 62.451075 62.277604 62.535678 63.394143 64.906195 67.007763 69.608673 72.689576 76.347281 80.832466 86.838911 97.422854 120.20791 109.24758 90.170684 81.155771 74.58029 68.791001 63.43574 59.564657 59.432528 61.042484 61.734083 61.419621 60.322468 58.375797 55.270061 50.474669 43.299465 33.532916 25.007696 33.402413 36.420547 41.597657 48.439763 54.078875 58.535647 62.352285
