data/processed_data/bfs/odl_4326_int_idw.asc
NCOLS 300
NROWS 300
XLLCORNER 11.5
YLLCORNER 49.3
DX 0.004
DY 0.00367
NODATA_VALUE -9999
[rows 182 to 207 of 300, columns 120 to 179 of 300]
65.1418 63.781279 63.553164 63.403983 64.375287 65.511338 66.422373 67.146908 67.829212 68.563791 69.37477 70.251159 71.180079 72.162654 73.219893 74.397249 75.769797 77.435971 79.443927 81.498319 82.521878 81.628256 80.092017 79.408873 79.425345 79.264281 78.602945 77.767728 77.059575 76.551999 76.205741 75.955489 75.736919 75.488372 75.144966 74.631238 73.856739 72.726602 71.199582 69.454692 68.268241 68.544513 67.932074 70.090424 72.840088 75.576076 78.089539 80.370808 82.491801 84.557842 86.700911 89.095664 91.99317 95.772529 100.99176 108.28907 117.27111 120.07521 96.62204 84.856566
64.523907 61.432841 58.503855 61.089186 63.807417 65.617695 66.900318 67.860382 68.663736 69.422196 70.191448 70.992117 71.833142 72.727887 73.704516 74.815402 76.148132 77.82976 79.968449 82.325561 83.598786 82.405049 80.480759 80.030803 80.651812 80.618688 79.530145 78.261605 77.302441 76.675079 76.277185 76.008824 75.789495 75.549368 75.217891 74.71431 73.943036 72.804147 71.244903 69.376132 67.436781 65.111894 67.24214 69.936385 72.781289 75.508733 77.980793 80.209219 82.27507 84.28968 86.391136 88.762684 91.67026 95.522472 100.94199 108.71434 118.72604 123.07031 100.41268 87.119939
64.974982 62.193358 60.491557 61.885879 64.245637 66.121529 67.499835 68.541864 69.390767 70.14896 70.878135 71.611559 72.369295 73.170918 74.045428 75.040294 76.230254 77.716517 79.566157 81.532463 82.539973 81.56761 80.129601 80.294451 81.627731 81.661401 80.074719 78.431721 77.311845 76.633107 76.228906 75.97442 75.78166 75.579417 75.297993 74.859856 74.177275 73.164264 71.779532 70.107663 68.421425 67.487255 68.544519 70.798128 73.351299 75.832892 78.107518 80.175738 82.103499 83.98818 85.953428 88.161795 90.8396 94.305626 98.958265 105.00407 111.144 111.51771 101.28067 92.803553
66.361878 64.440051 63.474149 64.095679 65.578046 67.059682 68.282258 69.262661 70.077209 70.796776 71.471877 72.134868 72.807595 73.509432 74.264154 75.105424 76.078991 77.231299 78.549731 79.792524 80.336629 79.810828 79.172114 79.729399 81.141765 81.184758 79.621469 78.046706 77.007004 76.396198 76.046534 75.841635 75.703114 75.567583 75.372004 75.047511 74.521517 73.732513 72.667804 71.431144 70.327737 69.913924 70.651238 72.307042 74.352517 76.436232 78.406315 80.234938 81.958775 83.648176 85.397982 87.330502 89.601569 92.391675 95.826935 99.680771 102.68331 102.31692 97.999262 93.356089
68.03225 66.751104 66.119616 66.363466 67.210227 68.231025 69.188317 70.020798 70.743693 71.391664 71.996691 72.582766 73.167476 73.765573 74.3923 75.064986 75.80018 76.599052 77.407079 78.047891 78.240365 77.926944 77.633227 78.037949 78.924623 79.013599 78.097885 77.089785 76.388231 75.964595 75.724408 75.598435 75.537089 75.493529 75.414324 75.239514 74.910818 74.389005 73.684791 72.903794 72.283826 72.154552 72.735074 73.940219 75.495518 77.156547 78.786375 80.337778 81.819079 83.270736 84.754141 86.346736 88.134496 90.185383 92.470748 94.69353 96.098614 95.74734 93.608306 90.853592
69.556587 68.689916 68.237238 68.296416 68.75983 69.420327 70.118136 70.778574 71.383864 71.941508 72.465914 72.970648 73.466462 73.961631 74.462454 74.972209 75.486372 75.980819 76.391279 76.597607 76.465172 75.996123 75.476714 75.349698 75.717821 76.055883 76.013039 75.778863 75.545765 75.37071 75.26368 75.227805 75.257315 75.327323 75.391991 75.394166 75.281941 75.028184 74.652795 74.244853 73.96746 74.01245 74.498446 75.395727 76.565612 77.857246 79.165512 80.438774 81.665827 82.861787 84.058014 85.29379 86.603624 87.990718 89.37589 90.528343 91.052312 90.580708 89.134001 87.174763
70.763911 70.178211 69.849484 69.830242 70.079975 70.499163 70.991398 71.495112 71.98223 72.445293 72.886191 73.309436 73.718982 74.116792 74.501634 74.866707 75.194703 75.449108 75.562937 75.433393 74.942169 74.024202 72.806817 71.823739 71.865151 72.840626 73.815901 74.377403 74.606848 74.660113 74.660529 74.697456 74.820034 75.026154 75.267797 75.476355 75.592952 75.591035 75.489814 75.359328 75.310687 75.461677 75.885014 76.575291 77.463422 78.460042 79.490372 80.506964 81.487875 82.430031 83.342133 84.236664 85.11765 85.960048 86.680706 87.115606 87.043005 86.291257 84.884283 83.084671
71.613643 71.24873 71.033187 71.001926 71.145218 71.417526 71.764381 72.142495 72.525356 72.899902 73.260988 73.606845 73.936085 74.245677 74.528992 74.772974 74.953461 75.027918 74.92556 74.53628 73.702101 72.231288 70.062648 67.937675 67.778731 69.775069 71.859175 73.117802 73.689691 73.865682 73.886352 73.940886 74.148557 74.526704 75.00127 75.464463 75.831737 76.068291 76.191151 76.259604 76.357569 76.567476 76.941882 77.487411 78.17056 78.938252 79.737866 80.528232 81.282243 81.985044 82.630392 83.215192 83.729938 84.142616 84.378329 84.308157 83.770842 82.641737 80.929452 78.853446
72.115781 71.962454 71.871753 71.874487 71.979412 72.171385 72.423302 72.708343 73.006179 73.303667 73.592863 73.868494 74.125736 74.358291 74.556341 74.703754 74.7738 74.722446 74.477794 73.922956 72.869169 71.037406 68.226471 65.294558 65.032516 67.787275 70.574303 72.19828 72.874553 72.983809 72.863152 72.828151 73.108352 73.734597 74.55167 75.358848 76.021497 76.494513 76.801405 77.006347 77.188531 77.419435 77.745458 78.180248 78.708439 79.296913 79.906849 80.501992 81.052515 81.536051 81.937446 82.2471 82.454991 82.535713 82.424512 81.998681 81.089899 79.542942 77.317954 74.62853
72.305759 72.389071 72.444769 72.513816 72.623006 72.77857 72.972733 73.19222 73.423971 73.657427 73.884526 74.098668 74.293347 74.460667 74.589576 74.663456 74.656464 74.52773 74.211711 73.601973 72.527306 70.746068 68.133511 65.539633 65.314093 67.718068 70.242989 71.705495 72.177013 71.965135 71.447808 71.133308 71.478852 72.522299 73.89504 75.201338 76.232575 76.947305 77.398614 77.679888 77.888353 78.102111 78.369526 78.708418 79.111648 79.555605 80.008457 80.436248 80.80667 81.0917 81.270638 81.333729 81.281832 81.110658 80.771177 80.126825 78.955491 77.018127 74.185414 70.649646
72.257244 72.612288 72.830576 72.983211 73.119874 73.265228 73.426375 73.600897 73.782525 73.964182 74.139094 74.300758 74.44233 74.555673 74.630069 74.650398 74.594417 74.428525 74.101079 73.53275 72.608502 71.202495 69.352547 67.72384 67.58419 69.015841 70.641372 71.549907 71.562103 70.762012 69.48357 68.557972 68.976355 70.781476 73.081369 75.11621 76.605775 77.555333 78.089798 78.368864 78.534478 78.685136 78.874166 79.119416 79.414451 79.737669 80.058849 80.34347 80.555622 80.661178 80.633833 80.466159 80.180828 79.817775 79.363814 78.656235 77.377282 75.168477 71.788054 67.365657
72.113592 72.738017 73.108431 73.34153 73.511561 73.658644 73.801028 73.944432 74.088095 74.228268 74.359948 74.477493 74.574591 74.643821 74.675884 74.658475 74.574625 74.400298 74.101138 73.629562 72.928836 71.967051 70.847042 69.966383 69.857689 70.510508 71.283296 71.572681 71.038463 69.48778 67.076747 65.067582 65.566104 68.658225 72.363994 75.371099 77.383052 78.510758 79.009325 79.162255 79.189953 79.219005 79.302254 79.448853 79.644943 79.864564 80.074788 80.237949 80.312822 80.256925 80.034208 79.635166 79.11103 78.583021 78.124564 77.540916 76.362957 74.100784 70.438948 65.432925
72.084364 72.882451 73.351609 73.639112 73.833382 73.983094 74.112876 74.233434 74.347716 74.454519 74.550485 74.631086 74.69099 74.724036 74.72295 74.678855 74.580587 74.413809 74.160197 73.797995 73.308664 72.700544 72.058509 71.578451 71.459318 71.664644 71.880018 71.705226 70.746561 68.598054 65.154645 61.95187 62.486897 67.066113 72.343717 76.407143 78.921205 80.069398 80.303433 80.130943 79.89146 79.729992 79.677755 79.719138 79.823028 79.953372 80.071278 80.134199 80.094337 79.898287 79.493158 78.853119 78.048529 77.325449 76.94898 76.698997 75.857858 73.818139 70.311683 65.444382
72.336134 73.128972 73.611076 73.911268 74.110995 74.257236 74.375273 74.477348 74.568063 74.647653 74.713928 74.763384 74.79178 74.794417 74.766224 74.701782 74.595342 74.440913 74.232521 73.965143 73.638262 73.26623 72.896062 72.611013 72.478981 72.46235 72.385136 71.972607 70.872824 68.669035 65.21457 61.978804 62.574611 67.638591 73.767132 78.687745 81.607524 82.478731 82.06057 81.280925 80.627537 80.213209 80.004781 79.939868 79.960389 80.016032 80.060309 80.04553 79.917829 79.612892 79.056781 78.190221 77.068781 76.071766 75.797958 76.045546 75.724141 74.146428 71.218283 67.218614
72.854231 73.486376 73.901779 74.173438 74.358332 74.492802 74.597674 74.683583 74.754831 74.811937 74.853263 74.876042 74.877028 74.852933 74.800767 74.71821 74.604067 74.458832 74.285138 74.087603 73.872042 73.646462 73.427351 73.243325 73.114843 73.012344 72.8293 72.384398 71.434536 69.731938 67.333963 65.414685 66.306375 70.673018 76.621349 82.130779 85.421456 85.647348 84.113231 82.469714 81.314044 80.629165 80.269522 80.110104 80.061815 80.059603 80.050093 79.982111 79.798811 79.430278 78.789073 77.78678 76.442592 75.201096 74.973692 75.646322 75.826212 74.811769 72.679676 69.817471
73.476871 73.897418 74.205139 74.422204 74.578064 74.69472 74.785532 74.857318 74.912566 74.951108 74.971283 74.970734 74.947002 74.898016 74.822589 74.720997 74.595699 74.452103 74.298903 74.146636 74.002893 73.867013 73.734577 73.610209 73.502001 73.393056 73.220398 72.876513 72.23331 71.218335 70.02751 69.446925 70.675185 74.232614 79.538497 85.276853 88.88902 88.42224 85.767324 83.356016 81.800321 80.91528 80.448244 80.223042 80.127663 80.087196 80.044689 79.948784 79.744697 79.366529 78.732788 77.761968 76.474562 75.289359 75.068101 75.765076 76.158888 75.627059 74.268687 72.438378
74.047969 74.286363 74.485431 74.641685 74.764453 74.862511 74.940998 75.001846 75.044838 75.068501 75.070749 75.049372 75.00248 74.928984 74.829183 74.705519 74.563511 74.41274 74.267185 74.142666 74.047577 73.97025 73.887373 73.796223 73.71303 73.637045 73.533992 73.346545 73.024275 72.586103 72.23096 72.429777 73.789396 76.680412 81.037412 86.071227 89.40744 88.853366 86.085508 83.571125 81.947117 81.018549 80.521265 80.272399 80.156911 80.099339 80.044203 79.943848 79.750488 79.410974 78.866929 78.074952 77.089143 76.23217 76.031419 76.452611 76.774421 76.547677 75.793115 74.744852
74.485485 74.593638 74.705758 74.811129 74.90725 74.992451 75.064179 75.119312 75.154679 75.167316 75.154586 75.114301 75.044975 74.946273 74.819706 74.669627 74.504563 74.338779 74.193231 74.092231 74.046074 74.020079 73.955917 73.860155 73.785422 73.751314 73.737355 73.709994 73.653283 73.609058 73.724816 74.270121 75.561386 77.817644 81.021302 84.607931 87.017263 86.849226 84.983982 83.07198 81.735227 80.931054 80.485966 80.257877 80.149809 80.095461 80.045774 79.95996 79.800119 79.529247 79.115485 78.551846 77.906379 77.381877 77.226642 77.415462 77.614541 77.560849 77.218601 76.699842
74.758845 74.781018 74.835607 74.910581 74.995518 75.080076 75.154727 75.211688 75.245157 75.250964 75.226107 75.168467 75.076871 74.95152 74.794869 74.613039 74.417938 74.230216 74.082396 74.016467 74.051608 74.09998 74.013506 73.843766 73.736368 73.732856 73.80654 73.922355 74.067365 74.273092 74.632317 75.293906 76.418676 78.104281 80.284148 82.555495 84.088693 84.227031 83.313547 82.176483 81.278583 80.695367 80.359494 80.186835 80.109125 80.075061 80.045106 79.986907 79.872782 79.680116 79.396685 79.034439 78.651872 78.362735 78.276591 78.383184 78.544002 78.620526 78.555487 78.371358
74.85717 74.825353 74.853527 74.925342 75.021478 75.122946 75.213657 75.281873 75.320003 75.323406 75.289198 75.215542 75.101518 74.947598 74.756772 74.536568 74.30234 74.082444 73.925219 73.900237 74.047666 74.197808 74.043036 73.727982 73.550389 73.567337 73.72606 73.970439 74.272026 74.640422 75.124894 75.802582 76.748526 77.989822 79.445905 80.86387 81.844424 82.109422 81.7819 81.228894 80.727192 80.375635 80.169852 80.071659 80.039736 80.038324 80.037998 80.014733 79.94962 79.83043 79.65606 79.444217 79.23892 79.105898 79.101979 79.233581 79.450073 79.673827 79.824574 79.84805
74.779221 74.718581 74.753346 74.852686 74.985489 75.123893 75.2453 75.334791 75.384178 75.389421 75.348451 75.259997 75.123315 74.938727 74.709023 74.442067 74.155251 73.882654 73.684742 73.650267 73.829952 74.003943 73.782084 73.367198 73.155097 73.218318 73.479782 73.855774 74.294993 74.784241 75.342224 76.00499 76.80351 77.735576 78.736652 79.664065 80.333009 80.627977 80.596192 80.39799 80.181997 80.024858 79.943569 79.925263 79.947251 79.986199 80.0214 80.035879 80.017352 79.960073 79.868032 79.75895 79.666462 79.635875 79.711279 79.920462 80.263476 80.690771 81.069694 81.231181
74.540651 74.482066 74.56254 74.713985 74.902391 75.094381 75.259064 75.378234 75.444233 75.454743 75.409204 75.307144 75.147813 74.930764 74.657397 74.333879 73.976118 73.617386 73.316862 73.155662 73.169573 73.181678 72.92187 72.560775 72.437218 72.62867 73.047458 73.585337 74.169333 74.769052 75.385517 76.034386 76.727909 77.457911 78.183507 78.831397 79.319943 79.604648 79.709541 79.70907 79.680243 79.671072 79.698092 79.757594 79.836717 79.920234 79.993883 80.046003 80.068812 80.060061 80.02528 79.980186 79.952194 79.980106 80.11298 80.409472 80.926434 81.653362 82.365381 82.644828
74.176988 74.192324 74.380758 74.566777 74.804896 75.056135 75.270148 75.423061 75.508287 75.525974 75.477458 75.363092 75.18179 74.931552 74.610889 74.221514 73.772935 73.289016 72.813619 72.403298 72.083226 71.785538 71.444969 71.211146 71.300928 71.743564 72.414842 73.174013 73.93123 74.650004 75.327531 75.974491 76.599541 77.199055 77.753138 78.230111 78.600613 78.855916 79.016851 79.123905 79.216749 79.319835 79.440499 79.574458 79.712072 79.842478 79.955726 80.043884 80.101956 80.129071 80.130045 80.117261 80.112999 80.15348 80.297817 80.644108 81.336829 82.476826 83.744933 84.174418
73.689945 73.962575 74.434765 74.478825 74.734401 75.038373 75.298144 75.48231 75.585487 75.610262 75.559674 75.434605 75.233188 74.951102 74.582517 74.121998 73.567954 72.927922 72.224264 71.494751 70.780736 70.11308 69.558997 69.345207 69.700658 70.539631 71.59453 72.655916 73.625278 74.478057 75.223539 75.879849 76.460887 76.971116 77.40647 77.760687 78.034816 78.24439 78.41773 78.584755 78.764714 78.961953 79.170062 79.378419 79.576537 79.755656 79.908869 80.030973 80.118614 80.170827 80.189975 80.183201 80.165294 80.165699 80.245836 80.535836 81.286775 82.82167 84.859176 85.503167
73.234102 72.425548 74.464799 74.428732 74.725216 75.071288 75.363284 75.569154 75.684959 75.714766 75.662448 75.528817 75.310791 75.001235 74.589103 74.060096 73.398568 72.592367 71.644729 70.601801 69.588834 68.697892 67.699946 67.036455 67.618253 69.051947 70.653196 72.098875 73.310769 74.304591 75.118915 75.788695 76.337286 76.776619 77.112546 77.354275 77.524723 77.66435 77.820649 78.026639 78.286387 78.580417 78.882347 79.17109 79.433799 79.663648 79.856875 80.010876 80.123421 80.192535 80.21671 80.195472 80.131313 80.036232 79.951249 79.996444 80.472858 81.929584 84.375981 85.258797
73.548762 73.423378 74.06268 74.438537 74.812021 75.179066 75.48134 75.694232 75.814544 75.846042 75.792114 75.652798 75.423563 75.094518 74.649562 74.065555 73.312463 72.35817 71.190786 69.897509 68.859668 68.607869 66.811509 64.008306 65.010677 67.432351 69.745299 71.61419 73.062697 74.181805 75.052198 75.72955 76.246153 76.617163 76.850473 76.961643 76.992091 77.017952 77.128179 77.373665 77.736748 78.156488 78.574461 78.956541 79.289788 79.572161 79.804904 79.988822 80.122891 80.203754 80.22518 80.177171 80.045059 79.810699 79.462517 79.033215 78.708005 79.027605 80.584367 81.900207
