data/processed_data/bfs/odl_4326_int_idw.asc
NCOLS 300
NROWS 300
XLLCORNER 11.5
YLLCORNER 49.3
DX 0.004
DY 0.00367
NODATA_VALUE -9999
[rows 234 to 259 of 300, columns 120 to 179 of 300]
78.784036 78.747445 78.707165 78.66147 78.608117 78.544258 78.466359 78.370155 78.250709 78.102612 77.920418 77.699378 77.4366 77.132794 76.794741 76.438261 76.090587 75.789608 75.576936 75.484415 75.51992 75.662123 75.868536 76.090723 76.286814 76.426536 76.490217 76.465389 76.343713 76.119656 75.791635 75.366225 74.865678 74.337359 73.859767 73.535187 73.461135 73.689348 74.20056 74.916633 75.738736 76.582 77.390257 78.134215 78.802988 79.395694 79.915424 80.365486 80.747128 81.057954 81.290533 81.431143 81.459731 81.355282 81.117104 80.814523 80.634254 80.796953 81.339359 82.096312
78.809385 78.770449 78.727524 78.679086 78.623217 78.557566 78.479324 78.385252 78.271788 78.135288 77.972437 77.780885 77.560177 77.312992 77.046641 76.774482 76.516445 76.297389 76.142293 76.068847 76.08053 76.164248 76.294166 76.439296 76.570579 76.664804 76.705328 76.681066 76.585264 76.415135 76.172937 75.868747 75.524625 75.17863 74.885424 74.70912 74.706697 74.907774 75.302929 75.848915 76.486649 77.159915 77.826107 78.458288 79.042176 79.571694 80.045016 80.461653 80.820436 81.118098 81.348255 81.501004 81.564317 81.530312 81.411734 81.269477 81.225559 81.407668 81.846635 82.463902
78.838132 78.797887 78.753587 78.703924 78.647307 78.581849 78.505382 78.415522 78.309797 78.185881 78.041952 77.877208 77.692536 77.491331 77.280313 77.070085 76.874905 76.711139 76.594101 76.533912 76.531964 76.579791 76.661016 76.755333 76.842601 76.905618 76.931282 76.910656 76.838744 76.71461 76.542246 76.332218 76.103686 75.8857 75.715968 75.635411 75.678571 75.863232 76.184674 76.618039 77.127177 77.674835 78.229763 78.769439 79.279526 79.751784 80.18172 80.566571 80.90377 81.189879 81.420012 81.58808 81.68877 81.722992 81.70837 81.691683 81.748337 81.950725 82.322524 82.830734
78.870167 78.829502 78.784886 78.735229 78.679243 78.615455 78.54224 78.457902 78.360801 78.249563 78.123369 77.982342 77.82801 77.663797 77.495428 77.331049 77.18078 77.055489 76.964769 76.91456 76.905268 76.9312 76.98162 77.042944 77.101185 77.143859 77.161109 77.146177 77.095628 77.009669 76.892768 76.754537 76.610555 76.482422 76.396184 76.378509 76.451077 76.625013 76.897902 77.254907 77.673308 78.128168 78.596853 79.061407 79.508947 79.930864 80.321549 80.677127 80.994415 81.270232 81.501172 81.684157 81.818302 81.908797 81.972665 82.043383 82.167224 82.386334 82.718107 83.150336
78.905292 78.864947 78.820875 78.772189 78.717873 78.656807 78.587812 78.509727 78.421531 78.322511 78.212491 78.092102 77.963086 77.828574 77.693244 77.563254 77.445788 77.348153 77.276482 77.234347 77.22171 77.234638 77.265913 77.306306 77.346081 77.376316 77.389824 77.381731 77.349844 77.295003 77.221486 77.137439 77.055071 76.990248 76.961073 76.98529 77.076925 77.243176 77.482777 77.786541 78.139784 78.525554 78.927479 79.331578 79.726918 80.105454 80.461425 80.790625 81.08978 81.356156 81.587555 81.782904 81.943698 82.076407 82.195294 82.32364 82.490358 82.721038 83.028198 83.408355
78.943245 78.903824 78.860974 78.813992 78.762098 78.704464 78.640267 78.568753 78.489345 78.401775 78.306254 78.203654 78.095701 77.985105 77.875608 77.771834 77.678908 77.601814 77.544559 77.509339 77.495948 77.501627 77.521439 77.549048 77.577678 77.601024 77.613981 77.613167 77.597308 77.567536 77.52765 77.484279 77.446798 77.426807 77.436992 77.489384 77.593293 77.7535 77.969313 78.234836 78.540313 78.87401 79.224027 79.579589 79.931715 80.27333 80.599045 80.904797 81.18752 81.444962 81.675789 81.880079 82.060298 82.222656 82.378322 82.543394 82.736432 82.973622 83.263892 83.607103
78.983732 78.945711 78.904602 78.859862 78.810907 78.757151 78.698042 78.63313 78.562148 78.485116 78.402461 78.315133 78.224723 78.133513 78.044458 77.961032 77.886924 77.825585 77.779694 77.750642 77.738187 77.740383 77.753823 77.774134 77.79661 77.816848 77.831302 77.837715 77.83545 77.825729 77.811783 77.79888 77.794139 77.806036 77.843544 77.914951 78.026569 78.181633 78.379734 78.616955 78.886635 79.180502 79.489825 79.806336 80.122787 80.433178 80.732739 81.017794 81.28562 81.534404 81.763367 81.973137 82.166342 82.348309 82.527495 82.715078 82.923292 83.162724 83.439704 83.755157
79.026441 78.990185 78.951201 78.909078 78.863398 78.813761 78.759825 78.701359 78.638307 78.570865 78.499563 78.42534 78.349605 78.274248 78.201593 78.134261 78.074937 78.026057 77.989454 77.966044 77.955613 77.956796 77.967236 77.983915 78.003583 78.023204 78.040371 78.053643 78.062806 78.069052 78.075061 78.084965 78.104138 78.138786 78.195309 78.279499 78.395701 78.546132 78.73052 78.946171 79.188419 79.451321 79.728408 80.013326 80.300289 80.584323 80.861346 81.128163 81.382437 81.622713 81.84854 82.06072 82.261648 82.455627 82.648942 82.849411 83.065277 83.303629 83.568926 83.862242
79.07106 79.036841 79.00025 78.960992 78.918777 78.873354 78.824535 78.772244 78.716563 78.657788 78.596486 78.533533 78.470151 78.407892 78.348586 78.294225 78.246791 78.208039 78.179259 78.161082 78.153354 78.155129 78.164784 78.18025 78.199302 78.219881 78.240395 78.259978 78.278683 78.297613 78.318957 78.345928 78.38258 78.433471 78.503201 78.595861 78.714481 78.860587 79.033972 79.232717 79.453474 79.691896 79.943135 80.202293 80.464776 80.726518 80.984101 81.234818 81.4767 81.708572 81.930157 82.142228 82.34679 82.547191 82.748049 82.954865 83.173276 83.408099 83.662441 83.937197
79.117288 79.085296 79.051276 79.015026 78.976361 78.935139 78.891287 78.844835 78.795952 78.744985 78.692492 78.639271 78.586366 78.535049 78.486767 78.443052 78.405391 78.375073 78.353039 78.339751 78.335118 78.338503 78.348804 78.364618 78.384446 78.406919 78.431023 78.456285 78.482917 78.511906 78.545023 78.584762 78.634179 78.696635 78.77546 78.873569 78.993093 79.135082 79.299352 79.484496 79.688054 79.90679 80.137031 80.374985 80.617007 80.859803 81.100551 81.336991 81.567479 81.791054 82.007515 82.217515 82.422639 82.625422 82.829227 83.037931 83.255421 83.484989 83.728764 83.987372
79.164836 79.135196 79.103853 79.070676 79.035564 78.998458 78.959366 78.918388 78.875745 78.8318 78.787085 78.742311 78.698365 78.656292 78.617246 78.582417 78.552943 78.529796 78.513685 78.504972 78.503626 78.509237 78.521077 78.538213 78.559656 78.584526 78.612209 78.642496 78.675685 78.712639 78.754786 78.804061 78.862771 78.933404 79.018385 79.119806 79.23917 79.377196 79.533709 79.707645 79.897154 80.09979 80.31274 80.533047 80.757821 80.984403 81.210481 81.434183 81.65414 81.869552 82.080239 82.286701 82.490138 82.692424 82.895981 83.103536 83.317771 83.540925 83.774422 84.018629
79.21344 79.186224 79.157602 79.127506 79.095894 79.062769 79.028197 78.992322 78.955391 78.917765 78.879939 78.842538 78.806318 78.77214 78.740933 78.713637 78.691138 78.67419 78.663347 78.658911 78.660904 78.669083 78.682986 78.702014 78.725538 78.753017 78.784113 78.818788 78.857377 78.900627 78.949688 79.006058 79.071487 79.147824 79.236843 79.340051 79.458511 79.592707 79.742467 79.90696 80.084771 80.274022 80.472531 80.67798 80.888072 81.100659 81.313855 81.526113 81.736292 81.943708 82.14818 82.350051 82.550195 82.749962 82.951071 83.155424 83.364859 83.580875 83.804384 84.035539
79.262856 79.238092 79.212195 79.185141 79.156937 79.127628 79.09732 79.066184 79.034476 79.002545 78.970842 78.939917 78.910414 78.883049 78.858577 78.837754 78.821283 78.809765 78.803649 78.803201 78.808488 78.819387 78.835626 78.856842 78.88266 78.912772 78.947025 78.98549 79.02851 79.076723 79.131055 79.192672 79.262902 79.343125 79.434644 79.538547 79.655585 79.786074 79.929841 80.086224 80.254118 80.43206 80.618341 80.811128 81.008586 81.20898 81.410769 81.612673 81.813734 82.013359 82.211347 82.407908 82.603642 82.799497 82.996667 83.196457 83.4001 83.608574 83.822422 84.041626
79.312865 79.290548 79.267344 79.243263 79.218347 79.192673 79.16637 79.139625 79.112692 79.085903 79.059665 79.034463 79.010846 78.989414 78.970792 78.955594 78.944394 78.937681 78.935833 78.939093 78.947561 78.961203 78.979882 79.0034 79.031557 79.064207 79.101318 79.143026 79.189662 79.241771 79.300097 79.365551 79.439143 79.521909 79.614806 79.718621 79.83388 79.960779 80.099147 80.248444 80.407791 80.576032 80.751814 80.933677 81.120145 81.309812 81.501412 81.693883 81.886413 82.078477 82.269856 82.460643 82.651225 82.842236 83.034482 83.228831 83.426086 83.626849 83.831397 84.03959
79.363269 79.343369 79.322801 79.301602 79.279838 79.257608 79.235056 79.212375 79.189812 79.167676 79.146337 79.126219 79.107796 79.091576 79.078082 79.067823 79.061273 79.058845 79.060865 79.067559 79.079052 79.095374 79.116483 79.142297 79.172733 79.207755 79.24741 79.291866 79.341437 79.396582 79.457904 79.526114 79.601986 79.686295 79.779749 79.882913 79.996153 80.119578 80.253021 80.396032 80.547901 80.707702 80.87435 81.046673 81.223477 81.403612 81.586035 81.769857 81.954383 82.139139 82.323891 82.508638 82.693599 82.879173 83.065873 83.254252 83.444799 83.637849 83.833489 84.031491
79.413893 79.396361 79.378355 79.359931 79.341174 79.322197 79.303151 79.284228 79.265667 79.247754 79.230821 79.215245 79.201436 79.189829 79.180865 79.174975 79.172562 79.173976 79.179507 79.18937 79.203707 79.222591 79.246046 79.274068 79.306658 79.343848 79.385735 79.432501 79.484434 79.541923 79.605456 79.675591 79.75292 79.838028 79.931435 80.033547 80.144611 80.264678 80.393583 80.530944 80.67618 80.828539 80.987143 81.151039 81.319252 81.490838 81.664929 81.840774 82.017771 82.195489 82.373678 82.552266 82.731343 82.911129 83.091925 83.274048 83.457764 83.643216 83.830356 84.018898
79.464584 79.449356 79.433824 79.418061 79.402161 79.386247 79.370472 79.355027 79.340136 79.326063 79.313111 79.301611 79.291923 79.284423 79.279489 79.277492 79.278775 79.283648 79.29237 79.305147 79.32213 79.343424 79.369095 79.399195 79.433774 79.472912 79.516732 79.56542 79.619235 79.678507 79.743631 79.815046 79.893208 79.978557 80.071474 80.172249 80.281043 80.397863 80.522551 80.654778 80.79406 80.939778 81.091213 81.247584 81.408087 81.571938 81.738409 81.906858 82.07676 82.247716 82.419466 82.591884 82.764963 82.938791 83.113509 83.289265 83.466164 83.644211 83.823266 84.003007
79.515206 79.502208 79.489056 79.475832 79.462639 79.449604 79.436881 79.424652 79.413131 79.402562 79.393215 79.385389 79.379401 79.375577 79.374248 79.375734 79.380338 79.388333 79.399954 79.4154 79.434828 79.458359 79.486091 79.518107 79.554494 79.595356 79.640832 79.691101 79.746394 79.806992 79.873215 79.945409 80.023926 80.109096 80.2012 80.300438 80.40691 80.520595 80.641338 80.768854 80.902733 81.042461 81.187441 81.337024 81.490543 81.647339 81.806795 81.968358 82.131561 82.296035 82.461513 82.627829 82.794905 82.962731 83.13133 83.30073 83.470919 83.641806 83.81319 83.984727
79.565642 79.554793 79.54392 79.533112 79.522479 79.512147 79.502268 79.493017 79.484595 79.477225 79.471156 79.466654 79.463999 79.463481 79.46539 79.470008 79.477602 79.488418 79.502674 79.520557 79.542226 79.567815 79.597437 79.631198 79.669204 79.711573 79.758448 79.809999 79.866432 79.927982 79.99491 80.067492 80.145999 80.230677 80.321729 80.419294 80.523426 80.634082 80.751114 80.874271 81.003203 81.137475 81.276586 81.419994 81.567134 81.71745 81.870411 82.025536 82.182406 82.340675 82.500076 82.660415 82.82156 82.983429 83.145964 83.309104 83.472753 83.636758 83.800873 83.964749
79.61579 79.607004 79.598307 79.589794 79.581575 79.573778 79.566549 79.560056 79.554486 79.550047 79.546964 79.545477 79.545838 79.548303 79.553131 79.560571 79.570865 79.584233 79.600878 79.620979 79.644692 79.672157 79.703495 79.738825 79.778263 79.821933 79.869975 79.922548 79.979833 80.042029 80.109349 80.182012 80.260226 80.344176 80.434007 80.529809 80.631603 80.739334 80.85286 80.971956 81.09632 81.225581 81.359313 81.497055 81.638327 81.782652 81.92957 82.078656 82.229531 82.381871 82.535409 82.689931 82.845271 83.001294 83.157883 83.314914 83.472236 83.62965 83.786888 83.943598
79.665562 79.65875 79.652126 79.645787 79.639844 79.634421 79.629662 79.625723 79.622782 79.621031 79.620674 79.62193 79.625025 79.630191 79.637656 79.647647 79.66038 79.676058 79.694868 79.71698 79.742547 79.771709 79.804592 79.841318 79.882007 79.926785 79.975785 80.029153 80.087048 80.149638 80.217098 80.2896 80.367305 80.45035 80.538837 80.63282 80.732297 80.837203 80.947402 81.062693 81.182812 81.307436 81.4362 81.568709 81.704549 81.843305 81.984575 82.12798 82.273175 82.419854 82.567753 82.716646 82.866342 83.016672 83.167476 83.318589 83.46982 83.620943 83.771676 83.921673
79.714883 79.709955 79.705301 79.701019 79.697217 79.694018 79.691558 79.689988 79.689473 79.690189 79.692326 79.696083 79.701664 79.709277 79.719131 79.73143 79.746369 79.764136 79.784904 79.808834 79.836075 79.866762 79.901022 79.938978 79.980749 80.026457 80.076228 80.130194 80.188493 80.25127 80.318665 80.390816 80.467846 80.549855 80.636912 80.729046 80.826237 80.928413 81.035447 81.147156 81.263304 81.383611 81.50776 81.635405 81.766188 81.899744 82.035716 82.173764 82.313571 82.454848 82.597335 82.740802 82.885041 83.029859 83.175068 83.320475 83.465865 83.610995 83.755578 83.899278
79.763686 79.760554 79.75777 79.75543 79.753641 79.752523 79.752206 79.752832 79.754555 79.757541 79.761963 79.768002 79.775846 79.785684 79.797704 79.812091 79.829027 79.848681 79.871217 79.896786 79.925529 79.957578 79.993058 80.032087 80.074781 80.121257 80.171631 80.226024 80.284554 80.347344 80.414509 80.486158 80.562385 80.643262 80.728833 80.819105 80.914049 81.013589 81.117603 81.225923 81.338341 81.454607 81.574442 81.697545 81.823597 81.952276 82.083264 82.21625 82.350943 82.487068 82.624372 82.762624 82.901605 83.041109 83.18093 83.320856 83.46066 83.600089 83.738857 83.876642
79.811919 79.810495 79.809481 79.808973 79.809076 79.809904 79.811582 79.814245 79.818036 79.82311 79.829627 79.837754 79.847661 79.85952 79.873506 79.889786 79.908526 79.929885 79.954014 79.981054 80.01114 80.044398 80.080947 80.120902 80.164374 80.211471 80.2623 80.316969 80.375583 80.438243 80.505045 80.576074 80.651401 80.731076 80.815123 80.903537 80.996278 81.093269 81.194395 81.2995 81.408397 81.520863 81.63665 81.75549 81.877099 82.001191 82.127475 82.25567 82.385504 82.516717 82.649064 82.782313 82.916244 83.050641 83.185289 83.319966 83.454437 83.588447 83.721717 83.853936
79.859535 79.859731 79.860392 79.86161 79.863488 79.866136 79.869672 79.874224 79.879928 79.886925 79.895365 79.9054 79.917189 79.930889 79.946659 79.964653 79.985025 80.00792 80.03348 80.061836 80.093117 80.12744 80.16492 80.205666 80.24978 80.297365 80.348519 80.403335 80.461907 80.524319 80.590649 80.660964 80.735316 80.813739 80.896243 80.982811 81.073397 81.167925 81.266283 81.368329 81.473892 81.582771 81.694742 81.809567 81.92699 82.046752 82.168589 82.292242 82.417456 82.543986 82.671595 82.800056 82.929146 83.058647 83.18834 83.317998 83.447385 83.576248 83.704316 83.831292
79.906495 79.908227 79.91047 79.913313 79.916856 79.921205 79.926471 79.932776 79.940246 79.949015 79.95922 79.971004 79.98451 79.999885 80.017275 80.036821 80.058665 80.082943 80.109785 80.139314 80.171651 80.206907 80.24519 80.2866 80.331236 80.37919 80.430551 80.485403 80.543825 80.60589 80.67166 80.741188 80.814511 80.891648 80.9726 81.057342 81.145824 81.237969 81.333672 81.4328 81.535195 81.640676 81.749041 81.860071 81.973538 82.089203 82.206827 82.326167 82.446987 82.569054 82.692138 82.816019 82.940475 83.065291 83.190245 83.315112 83.439657 83.563633 83.686776 83.808807
