data/processed_data/bfs/odl_4326_int_idw.asc
NCOLS 300
NROWS 300
XLLCORNER 11.5
YLLCORNER 49.3
DX 0.004
DY 0.00367
NODATA_VALUE -9999
[rows 0 to 25 of 300, columns 0 to 59 of 300]
80.86559 80.871536 80.877606 80.8838 80.890119 80.896563 80.903132 80.909826 80.916646 80.923591 80.930662 80.93786 80.945183 80.952633 80.960208 80.96791 80.975738 80.983692 80.991772 80.999977 81.008309 81.016766 81.025348 81.034056 81.042888 81.051846 81.060927 81.070133 81.079462 81.088914 81.09849 81.108188 81.118008 81.127949 81.138012 81.148195 81.158499 81.168922 81.179464 81.190125 81.200903 81.211799 81.222811 81.233939 81.245183 81.256541 81.268013 81.279598 81.291296 81.303105 81.315025 81.327055 81.339194 81.351442 81.363798 81.37626 81.388829 81.401502 81.414279 81.42716
80.852298 80.858243 80.864312 80.870508 80.876829 80.883277 80.889852 80.896554 80.903383 80.910339 80.917422 80.924633 80.931972 80.939439 80.947033 80.954755 80.962604 80.970582 80.978687 80.986919 80.995279 81.003766 81.01238 81.02112 81.029987 81.038981 81.0481 81.057345 81.066715 81.07621 81.085829 81.095573 81.10544 81.11543 81.125543 81.135778 81.146135 81.156612 81.167211 81.177929 81.188767 81.199723 81.210797 81.221989 81.233298 81.244722 81.256262 81.267917 81.279685 81.291566 81.30356 81.315665 81.327881 81.340207 81.352642 81.365185 81.377836 81.390592 81.403455 81.416421
80.838865 80.844807 80.850876 80.857072 80.863396 80.869848 80.876428 80.883137 80.889974 80.896941 80.904036 80.911261 80.918614 80.926098 80.93371 80.941452 80.949324 80.957324 80.965454 80.973713 80.982101 80.990617 80.999263 81.008036 81.016938 81.025967 81.035124 81.044409 81.05382 81.063357 81.073021 81.08281 81.092724 81.102763 81.112927 81.123214 81.133624 81.144157 81.154812 81.165588 81.176485 81.187502 81.198639 81.209895 81.221269 81.23276 81.244368 81.256093 81.267932 81.279886 81.291954 81.304135 81.316428 81.328832 81.341347 81.353971 81.366704 81.379545 81.392492 81.405546
80.825289 80.831227 80.837295 80.843491 80.849817 80.856272 80.862857 80.869573 80.876418 80.883395 80.890501 80.897739 80.905108 80.912608 80.920238 80.928 80.935893 80.943917 80.952071 80.960356 80.968772 80.977319 80.985995 80.994802 81.003738 81.012804 81.021999 81.031322 81.040775 81.050355 81.060063 81.069898 81.07986 81.089948 81.100162 81.110501 81.120965 81.131553 81.142264 81.153099 81.164056 81.175134 81.186334 81.197654 81.209094 81.220652 81.232329 81.244124 81.256035 81.268062 81.280204 81.292461 81.304831 81.317314 81.329909 81.342615 81.355431 81.368357 81.38139 81.394531
80.811567 80.817502 80.823567 80.829763 80.83609 80.842548 80.849138 80.855859 80.862713 80.869699 80.876817 80.884067 80.891451 80.898966 80.906615 80.914396 80.92231 80.930357 80.938536 80.946848 80.955292 80.963868 80.972576 80.981415 80.990386 80.999488 81.008721 81.018084 81.027577 81.0372 81.046953 81.056834 81.066843 81.076981 81.087245 81.097637 81.108155 81.118798 81.129567 81.14046 81.151477 81.162617 81.17388 81.185265 81.196771 81.208397 81.220143 81.232008 81.243991 81.256092 81.268309 81.280642 81.293091 81.305653 81.318329 81.331117 81.344017 81.357027 81.370147 81.383376
80.797697 80.803628 80.809691 80.815886 80.822214 80.828674 80.835268 80.841995 80.848856 80.855851 80.86298 80.870243 80.87764 80.885172 80.892838 80.900639 80.908574 80.916643 80.924847 80.933185 80.941657 80.950262 80.959001 80.967874 80.976879 80.986018 80.995288 81.004691 81.014226 81.023892 81.033689 81.043616 81.053673 81.06386 81.074176 81.08462 81.095192 81.105891 81.116717 81.127669 81.138747 81.149949 81.161275 81.172725 81.184298 81.195992 81.207807 81.219744 81.231799 81.243974 81.256267 81.268677 81.281203 81.293845 81.306602 81.319473 81.332457 81.345553 81.35876 81.372078
80.783678 80.789604 80.795664 80.801858 80.808185 80.814648 80.821245 80.827977 80.834845 80.841849 80.848988 80.856264 80.863675 80.871222 80.878906 80.886726 80.894682 80.902774 80.911002 80.919365 80.927865 80.9365 80.94527 80.954176 80.963216 80.972391 80.981699 80.991142 81.000718 81.010427 81.020269 81.030242 81.040348 81.050584 81.060951 81.071448 81.082075 81.09283 81.103714 81.114725 81.125863 81.137128 81.148518 81.160033 81.171672 81.183435 81.195321 81.207328 81.219457 81.231706 81.244075 81.256562 81.269167 81.28189 81.294728 81.307683 81.320751 81.333933 81.347228 81.360634
80.769508 80.775429 80.781484 80.787676 80.794003 80.800467 80.807067 80.813804 80.820679 80.827691 80.83484 80.842127 80.849552 80.857115 80.864816 80.872654 80.880631 80.888745 80.896997 80.905387 80.913914 80.922579 80.93138 80.940319 80.949394 80.958605 80.967952 80.977434 80.987052 80.996804 81.00669 81.016711 81.026864 81.037151 81.047569 81.058119 81.068801 81.079612 81.090554 81.101625 81.112824 81.124151 81.135606 81.147187 81.158893 81.170725 81.182681 81.19476 81.206962 81.219286 81.231731 81.244296 81.256981 81.269784 81.282705 81.295743 81.308896 81.322165 81.335548 81.349044
80.755184 80.761098 80.76715 80.773338 80.779665 80.786129 80.792732 80.799474 80.806354 80.813374 80.820533 80.827832 80.83527 80.842848 80.850565 80.858423 80.86642 80.874556 80.882832 80.891248 80.899803 80.908497 80.917329 80.926301 80.93541 80.944658 80.954043 80.963565 80.973224 80.98302 80.992952 81.003019 81.013221 81.023557 81.034027 81.044631 81.055367 81.066236 81.077235 81.088366 81.099627 81.111017 81.122536 81.134183 81.145958 81.157859 81.169885 81.182037 81.194313 81.206712 81.219234 81.231877 81.244642 81.257526 81.27053 81.283652 81.296891 81.310247 81.323718 81.337304
80.740704 80.746612 80.752658 80.758843 80.765168 80.771633 80.778238 80.784983 80.791869 80.798897 80.806065 80.813375 80.820826 80.828418 80.836153 80.844028 80.852045 80.860204 80.868504 80.876945 80.885528 80.894251 80.903115 80.912119 80.921263 80.930547 80.939971 80.949533 80.959234 80.969073 80.97905 80.989164 80.999414 81.009801 81.020324 81.030981 81.041772 81.052698 81.063756 81.074947 81.08627 81.097724 81.109308 81.121021 81.132864 81.144834 81.156932 81.169156 81.181507 81.193981 81.206581 81.219303 81.232147 81.245114 81.258201 81.271407 81.284733 81.298176 81.311737 81.325413
80.726067 80.731967 80.738007 80.744188 80.750511 80.756975 80.763582 80.770331 80.777222 80.784256 80.791433 80.798754 80.806217 80.813825 80.821575 80.829469 80.837506 80.845687 80.854011 80.862477 80.871087 80.87984 80.888735 80.897772 80.906951 80.916271 80.925733 80.935335 80.945078 80.954961 80.964983 80.975144 80.985444 80.995881 81.006456 81.017167 81.028014 81.038997 81.050114 81.061366 81.072751 81.084268 81.095918 81.107698 81.119609 81.13165 81.143819 81.156117 81.168542 81.181093 81.19377 81.206571 81.219496 81.232545 81.245715 81.259007 81.27242 81.285951 81.299601 81.313369
80.711269 80.71716 80.723194 80.729371 80.735691 80.742155 80.748762 80.755514 80.76241 80.76945 80.776636 80.783967 80.791443 80.799064 80.80683 80.814742 80.822799 80.831001 80.839349 80.847841 80.856478 80.86526 80.874186 80.883256 80.89247 80.901827 80.911327 80.92097 80.930755 80.940681 80.950749 80.960958 80.971306 80.981794 80.992421 81.003187 81.01409 81.02513 81.036307 81.04762 81.059067 81.070649 81.082364 81.094212 81.106192 81.118303 81.130545 81.142916 81.155416 81.168044 81.180799 81.19368 81.206686 81.219818 81.233072 81.24645 81.259949 81.27357 81.28731 81.301169
80.696308 80.702191 80.708218 80.71439 80.720706 80.727168 80.733776 80.74053 80.74743 80.754477 80.76167 80.769011 80.776499 80.784134 80.791916 80.799846 80.807922 80.816146 80.824517 80.833035 80.841699 80.85051 80.859467 80.86857 80.877818 80.887212 80.896751 80.906434 80.916261 80.926232 80.936345 80.946601 80.956999 80.967538 80.978218 80.989038 80.999998 81.011096 81.022333 81.033706 81.045217 81.056863 81.068644 81.08056 81.092609 81.104792 81.117106 81.129551 81.142126 81.154832 81.167665 81.180627 81.193715 81.206929 81.220269 81.233733 81.24732 81.261029 81.27486 81.288812
80.681183 80.687056 80.693075 80.699241 80.705553 80.712013 80.718621 80.725376 80.73228 80.739333 80.746534 80.753884 80.761384 80.769032 80.77683 80.784777 80.792873 80.801118 80.809512 80.818055 80.826747 80.835587 80.844575 80.853711 80.862994 80.872424 80.882002 80.891725 80.901595 80.911609 80.921769 80.932073 80.94252 80.953111 80.963844 80.974719 80.985735 80.996892 81.008188 81.019624 81.031197 81.042909 81.054757 81.066741 81.07886 81.091113 81.1035 81.11602 81.128672 81.141455 81.154368 81.16741 81.18058 81.193878 81.207303 81.220854 81.234529 81.248328 81.262251 81.276295
80.665891 80.671754 80.677764 80.683923 80.690231 80.696688 80.703295 80.710051 80.716959 80.724016 80.731225 80.738584 80.746095 80.753756 80.761569 80.769533 80.777648 80.785915 80.794332 80.8029 80.811619 80.820488 80.829507 80.838676 80.847994 80.857461 80.867077 80.876841 80.886753 80.896812 80.907018 80.91737 80.927868 80.93851 80.949296 80.960227 80.9713 80.982515 80.993872 81.005369 81.017007 81.028783 81.040698 81.052751 81.06494 81.077266 81.089726 81.102321 81.11505 81.127911 81.140903 81.154027 81.16728 81.180662 81.194173 81.20781 81.221575 81.235464 81.249478 81.263616
80.65043 80.656281 80.662282 80.668433 80.674736 80.681189 80.687795 80.694552 80.701462 80.708524 80.715739 80.723108 80.730629 80.738303 80.746131 80.754112 80.762246 80.770533 80.778974 80.787567 80.796312 80.80521 80.814261 80.823462 80.832816 80.84232 80.851975 80.86178 80.871734 80.881838 80.89209 80.90249 80.913038 80.923732 80.934573 80.945558 80.956689 80.967963 80.979381 80.99094 81.002642 81.014485 81.026467 81.038589 81.050849 81.063247 81.075782 81.088452 81.101257 81.114197 81.12727 81.140475 81.153811 81.167279 81.180875 81.194601 81.208454 81.222435 81.236541 81.250772
80.634796 80.640635 80.646626 80.652769 80.659066 80.665515 80.672119 80.678876 80.685788 80.692854 80.700076 80.707452 80.714984 80.722671 80.730513 80.738511 80.746664 80.754972 80.763435 80.772053 80.780825 80.789752 80.798834 80.808068 80.817457 80.826998 80.836692 80.846538 80.856535 80.866684 80.876983 80.887431 80.898029 80.908776 80.91967 80.930712 80.9419 80.953234 80.964712 80.976335 80.988102 81.00001 81.012061 81.024252 81.036584 81.049055 81.061664 81.07441 81.087293 81.100312 81.113465 81.126753 81.140173 81.153725 81.167409 81.181223 81.195166 81.209237 81.223436 81.237762
80.618988 80.624814 80.630794 80.636928 80.643218 80.649663 80.656264 80.66302 80.669934 80.677004 80.684231 80.691616 80.699157 80.706857 80.714713 80.722727 80.730898 80.739227 80.747713 80.756356 80.765155 80.774111 80.783223 80.792491 80.801914 80.811493 80.821226 80.831113 80.841153 80.851347 80.861693 80.87219 80.882839 80.893638 80.904587 80.915685 80.926931 80.938324 80.949865 80.961551 80.973382 80.985358 80.997477 81.009739 81.022142 81.034686 81.04737 81.060193 81.073154 81.086252 81.099487 81.112857 81.126362 81.14 81.153771 81.167674 81.181707 81.19587 81.210163 81.224583
80.603002 80.608815 80.614783 80.620908 80.62719 80.633629 80.640227 80.646983 80.653897 80.66097 80.668203 80.675595 80.683146 80.690857 80.698728 80.706758 80.714947 80.723296 80.731805 80.740472 80.749298 80.758283 80.767426 80.776727 80.786186 80.795801 80.805574 80.815502 80.825586 80.835824 80.846217 80.856764 80.867464 80.878316 80.88932 80.900474 80.911779 80.923233 80.934835 80.946585 80.958482 80.970525 80.982713 80.995045 81.007521 81.020139 81.032898 81.045798 81.058838 81.072017 81.085333 81.098787 81.112376 81.126101 81.139959 81.153951 81.168076 81.182331 81.196718 81.211233
80.586837 80.592635 80.598591 80.604705 80.610979 80.617412 80.624006 80.63076 80.637675 80.644751 80.651988 80.659387 80.666947 80.67467 80.682554 80.6906 80.698807 80.707177 80.715707 80.724399 80.733253 80.742266 80.75144 80.760775 80.770268 80.779921 80.789733 80.799703 80.80983 80.820114 80.830555 80.841151 80.851902 80.862808 80.873866 80.885078 80.896442 80.907956 80.919621 80.931436 80.943399 80.955509 80.967767 80.98017 80.992718 81.005411 81.018246 81.031224 81.044343 81.057602 81.071001 81.084538 81.098213 81.112025 81.125972 81.140054 81.154269 81.168618 81.183098 81.19771
80.57049 80.576272 80.582214 80.588318 80.594582 80.601009 80.607598 80.614349 80.621264 80.628342 80.635584 80.642989 80.650558 80.658292 80.666189 80.674251 80.682476 80.690866 80.699419 80.708135 80.717015 80.726057 80.735263 80.74463 80.754159 80.76385 80.773701 80.783712 80.793883 80.804213 80.814702 80.825348 80.836151 80.84711 80.858224 80.869493 80.880916 80.892492 80.90422 80.916099 80.928129 80.940308 80.952635 80.96511 80.977732 80.990499 81.003411 81.016467 81.029666 81.043007 81.056488 81.07011 81.083871 81.09777 81.111806 81.125978 81.140286 81.154728 81.169303 81.184011
80.553957 80.559723 80.565651 80.571742 80.577997 80.584416 80.590999 80.597748 80.604662 80.611741 80.618987 80.626398 80.633976 80.64172 80.649631 80.657708 80.665951 80.67436 80.682935 80.691676 80.700582 80.709654 80.71889 80.728291 80.737855 80.747583 80.757474 80.767528 80.777743 80.788119 80.798655 80.809351 80.820206 80.83122 80.84239 80.853717 80.8652 80.876838 80.888629 80.900574 80.91267 80.924918 80.937316 80.949863 80.962559 80.975402 80.988391 81.001526 81.014805 81.028227 81.041792 81.055499 81.069346 81.083333 81.097459 81.111722 81.126122 81.140658 81.155329 81.170134
80.537236 80.542985 80.548898 80.554976 80.56122 80.567631 80.574208 80.580953 80.587865 80.594946 80.602195 80.609612 80.617198 80.624952 80.632875 80.640967 80.649228 80.657656 80.666254 80.675019 80.683952 80.693052 80.70232 80.711754 80.721354 80.73112 80.741051 80.751146 80.761405 80.771828 80.782413 80.793159 80.804067 80.815135 80.826362 80.837747 80.84929 80.86099 80.872846 80.884856 80.89702 80.909337 80.921806 80.934427 80.947197 80.960116 80.973183 80.986397 80.999757 81.013262 81.026911 81.040704 81.054638 81.068713 81.082929 81.097284 81.111777 81.126407 81.141174 81.156077
80.520325 80.526055 80.531952 80.538016 80.544249 80.55065 80.557221 80.563961 80.570872 80.577953 80.585204 80.592627 80.60022 80.607984 80.61592 80.624026 80.632304 80.640752 80.649371 80.658161 80.66712 80.676249 80.685548 80.695016 80.704652 80.714455 80.724427 80.734564 80.744868 80.755338 80.765971 80.776769 80.787729 80.798852 80.810136 80.82158 80.833184 80.844947 80.856867 80.868944 80.881176 80.893563 80.906104 80.918798 80.931643 80.944639 80.957784 80.971078 80.98452 80.998108 81.011842 81.025721 81.039743 81.053907 81.068214 81.082661 81.097247 81.111973 81.126836 81.141836
80.50322 80.50893 80.51481 80.520859 80.52708 80.533471 80.540035 80.54677 80.553678 80.560758 80.568012 80.575439 80.58304 80.590814 80.598761 80.606882 80.615177 80.623644 80.632285 80.641099 80.650085 80.659243 80.668573 80.678074 80.687746 80.697588 80.707599 80.71778 80.728129 80.738645 80.749328 80.760177 80.771191 80.782369 80.79371 80.805214 80.816879 80.828705 80.840691 80.852834 80.865136 80.877593 80.890207 80.902974 80.915895 80.928969 80.942193 80.955568 80.969092 80.982764 80.996583 81.010548 81.024658 81.038913 81.05331 81.06785 81.082531 81.097352 81.112312 81.127411
80.485918 80.491607 80.497469 80.503503 80.50971 80.516091 80.522646 80.529376 80.53628 80.54336 80.550615 80.558047 80.565654 80.573437 80.581396 80.589531 80.597842 80.606329 80.614992 80.623829 80.632842 80.642029 80.65139 80.660925 80.670633 80.680513 80.690566 80.700789 80.711183 80.721747 80.732479 80.74338 80.754448 80.765682 80.777081 80.788645 80.800372 80.812262 80.824313 80.836525 80.848896 80.861425 80.874111 80.886953 80.899951 80.913102 80.926406 80.939862 80.953469 80.967226 80.981131 80.995183 81.009383 81.023727 81.038217 81.05285 81.067625 81.082542 81.0976 81.112798
