data/processed_data/bfs/odl_4326_int_idw.asc
NCOLS 300
NROWS 300
XLLCORNER 11.5
YLLCORNER 49.3
DX 0.004
DY 0.00367
NODATA_VALUE -9999
[rows 104 to 129 of 300, columns 0 to 59 of 300]
78.002152 77.992296 77.983201 77.974902 77.967435 77.960839 77.955149 77.950404 77.946639 77.943894 77.942204 77.941606 77.942136 77.943829 77.946719 77.950837 77.956217 77.962885 77.970871 77.980198 77.990889 78.002963 78.016436 78.031321 78.047626 78.065357 78.084513 78.105091 78.127081 78.15047 78.175238 78.201361 78.22881 78.257548 78.287536 78.318728 78.351071 78.38451 78.418983 78.454424 78.490763 78.527923 78.565827 78.604393 78.643535 78.683167 78.723198 78.763538 78.804094 78.844775 78.885486 78.926137 78.966636 79.006894 79.046823 79.086338 79.125358 79.163802 79.201598 79.238673
77.94508 77.93441 77.92451 77.915419 77.907175 77.899817 77.893384 77.887917 77.883454 77.880037 77.877704 77.876495 77.876449 77.877603 77.879994 77.883658 77.88863 77.894941 77.902622 77.911701 77.922202 77.934148 77.947558 77.962446 77.978824 77.996699 78.016072 78.036942 78.0593 78.083133 78.108422 78.135144 78.163268 78.192757 78.223571 78.25566 78.288971 78.323445 78.359017 78.395617 78.433171 78.471598 78.510816 78.550737 78.59127 78.632323 78.6738 78.715603 78.757635 78.799797 78.841989 78.884113 78.926073 78.967773 79.009118 79.05002 79.090389 79.130142 79.169199 79.207485
77.886893 77.875364 77.864615 77.854685 77.845616 77.83745 77.830226 77.823989 77.818781 77.814643 77.81162 77.809752 77.809082 77.809652 77.8115 77.814667 77.819189 77.825102 77.832441 77.841235 77.851514 77.863302 77.876622 77.891491 77.907923 77.925928 77.945509 77.966666 77.989393 78.013676 78.039499 78.066836 78.095658 78.125927 78.1576 78.190627 78.224953 78.260513 78.297242 78.335064 78.3739 78.413666 78.454273 78.495629 78.537637 78.580197 78.623207 78.666565 78.710165 78.753901 78.797668 78.841361 78.884877 78.928112 78.970968 79.013347 79.055156 79.096307 79.136713 79.176295
77.827566 77.815132 77.803485 77.792669 77.782726 77.7737 77.765636 77.758578 77.752572 77.747663 77.743897 77.74132 77.739977 77.739911 77.741168 77.743789 77.747816 77.753287 77.760241 77.768712 77.778732 77.790329 77.80353 77.818354 77.834819 77.852937 77.872714 77.894151 77.917245 77.941983 77.968349 77.996319 78.025862 78.05694 78.089509 78.123516 78.158903 78.195605 78.23355 78.272659 78.312849 78.35403 78.396107 78.438983 78.482553 78.526713 78.571352 78.616361 78.661627 78.707038 78.752481 78.797844 78.843015 78.887886 78.932352 78.976307 79.019654 79.062296 79.104144 79.145112
77.767076 77.753686 77.741092 77.729337 77.718468 77.70853 77.699571 77.691638 77.684779 77.679044 77.674481 77.671139 77.669068 77.668314 77.668926 77.670949 77.67443 77.679412 77.685935 77.694038 77.703758 77.715128 77.728175 77.742925 77.759397 77.777608 77.797566 77.819275 77.842732 77.867928 77.894847 77.923466 77.953752 77.985669 78.01917 78.0542 78.0907 78.1286 78.167824 78.208291 78.24991 78.292586 78.33622 78.380706 78.425933 78.47179 78.518159 78.564923 78.611961 78.659153 78.706379 78.753519 78.800454 78.847069 78.893249 78.938886 78.983872 79.028107 79.071495 79.113946
77.705398 77.691001 77.677406 77.664659 77.652807 77.641901 77.631989 77.623123 77.615353 77.608733 77.603314 77.599148 77.596289 77.594789 77.594698 77.596068 77.598948 77.603386 77.609428 77.617116 77.626491 77.63759 77.650446 77.665087 77.681539 77.699819 77.719939 77.741907 77.765723 77.791377 77.818857 77.848139 77.879192 77.911978 77.946448 77.982547 78.020212 78.05937 78.099941 78.141838 78.184966 78.229224 78.274506 78.320698 78.367684 78.415342 78.463549 78.512178 78.5611 78.610188 78.659311 78.708343 78.757157 78.805629 78.853637 78.901066 78.947801 78.993737 79.03877 79.082806
77.642509 77.62705 77.612398 77.5986 77.585708 77.573774 77.562849 77.552987 77.544245 77.536676 77.530336 77.525284 77.521574 77.519263 77.518408 77.519063 77.521282 77.525118 77.530622 77.537841 77.54682 77.557602 77.570224 77.584719 77.601116 77.619437 77.639698 77.66191 77.686075 77.712187 77.740234 77.770193 77.802034 77.835718 77.871197 77.908412 77.947296 77.987775 78.029763 78.073169 78.117891 78.163823 78.21085 78.258851 78.307703 78.357275 78.407434 78.458046 78.508973 78.560078 78.611222 78.662268 78.713083 78.763534 78.813491 78.86283 78.911431 78.95918 79.005969 79.051698
77.578385 77.561807 77.546038 77.53113 77.517136 77.504109 77.492106 77.481184 77.471401 77.462816 77.455489 77.449481 77.444851 77.441662 77.439974 77.439847 77.44134 77.444511 77.449414 77.456105 77.464633 77.475045 77.487385 77.50169 77.517993 77.536323 77.556699 77.579135 77.603637 77.630202 77.65882 77.689469 77.72212 77.756733 77.793259 77.831638 77.8718 77.913665 77.957146 78.002143 78.04855 78.096252 78.145128 78.195049 78.245882 78.297487 78.349723 78.402444 78.455504 78.508755 78.56205 78.615243 78.66819 78.720748 78.772782 78.824157 78.874747 78.924431 78.973095 79.020632
77.513004 77.495246 77.478299 77.462216 77.447054 77.432868 77.419719 77.407666 77.396771 77.387098 77.37871 77.371672 77.36605 77.361909 77.359314 77.358332 77.359027 77.361462 77.365698 77.371795 77.379808 77.389792 77.401795 77.41586 77.432027 77.450327 77.470787 77.493424 77.518247 77.545258 77.574448 77.605798 77.639279 77.674852 77.712465 77.752057 77.793556 77.836878 77.88193 77.928606 77.976794 78.026371 78.077207 78.129166 78.182102 78.235869 78.290313 78.345279 78.40061 78.456147 78.511734 78.567212 78.62243 78.677234 78.73148 78.785026 78.837737 78.889484 78.940146 78.989612
77.446344 77.427343 77.409152 77.391827 77.375427 77.360011 77.345642 77.332384 77.320302 77.309464 77.299937 77.29179 77.285095 77.279922 77.276341 77.274425 77.274243 77.275865 77.279359 77.284789 77.29222 77.30171 77.313314 77.327084 77.343064 77.361291 77.381798 77.404606 77.429731 77.457177 77.486937 77.518996 77.553327 77.589888 77.62863 77.669488 77.712386 77.757238 77.803943 77.852392 77.902464 77.954027 78.006943 78.061065 78.116238 78.172304 78.229098 78.286454 78.344203 78.402176 78.460203 78.518117 78.575754 78.632952 78.689556 78.745415 78.800384 78.85433 78.907123 78.958646
77.378383 77.358072 77.338568 77.31993 77.302219 77.285499 77.269833 77.255291 77.241941 77.229855 77.219104 77.209765 77.201911 77.195619 77.190967 77.18803 77.186886 77.187611 77.19028 77.194964 77.201734 77.210657 77.221795 77.235206 77.25094 77.269045 77.289555 77.312501 77.337902 77.365766 77.396093 77.428867 77.464064 77.501644 77.541555 77.583732 77.628095 77.674554 77.723002 77.773323 77.825387 77.879056 77.934179 77.9906 78.048152 78.106664 78.165961 78.225863 78.286188 78.346756 78.407384 78.467894 78.528109 78.587858 78.646974 78.705297 78.762674 78.818961 78.874024 78.927739
77.3091 77.28741 77.266522 77.246496 77.227398 77.209292 77.192249 77.176338 77.161634 77.148212 77.136149 77.125524 77.11642 77.108916 77.103098 77.099047 77.096848 77.096584 77.098337 77.102187 77.108211 77.116485 77.12708 77.140059 77.155484 77.173407 77.193871 77.216914 77.242559 77.270822 77.301705 77.335197 77.371276 77.409902 77.451024 77.494575 77.540471 77.588618 77.638903 77.691201 77.745377 77.801278 77.858747 77.917612 77.977696 78.038814 78.100777 78.163392 78.226465 78.289799 78.3532 78.416477 78.479441 78.541908 78.6037 78.664648 78.724589 78.783371 78.84085 78.896899
77.238477 77.215335 77.192986 77.171495 77.150927 77.131353 77.112845 77.095477 77.079327 77.064475 77.051003 77.038997 77.028542 77.019727 77.012641 77.007374 77.004019 77.002665 77.003402 77.006319 77.011504 77.019038 77.029002 77.04147 77.056511 77.074185 77.094545 77.117635 77.143487 77.172121 77.203546 77.237756 77.274729 77.314429 77.356804 77.401785 77.449286 77.499206 77.551427 77.605817 77.662229 77.720501 77.780462 77.841929 77.90471 77.968606 78.033412 78.098921 78.164924 78.231209 78.297568 78.363795 78.429689 78.495053 78.559697 78.623442 78.686113 78.74755 78.807601 78.866132
77.166496 77.141825 77.117937 77.094897 77.072775 77.051644 77.031579 77.012659 76.994966 76.978585 76.963602 76.950109 76.938197 76.927961 76.919498 76.912905 76.908282 76.905727 76.90534 76.907218 76.911457 76.91815 76.927387 76.939252 76.953824 76.971172 76.991361 77.014441 77.040453 77.069426 77.101373 77.136294 77.174171 77.214971 77.25864 77.305108 77.354288 77.406073 77.460337 77.516939 77.575723 77.636514 77.699127 77.763366 77.829022 77.895881 77.963722 78.032321 78.10145 78.170885 78.2404 78.309775 78.378793 78.447245 78.514929 78.581651 78.647229 78.711491 78.774279 78.835448
77.09314 77.066861 77.04135 77.016675 76.992909 76.970127 76.94841 76.927838 76.908499 76.890481 76.873878 76.858786 76.845302 76.833529 76.82357 76.815531 76.80952 76.805643 76.804011 76.804731 76.807908 76.813647 76.822048 76.833208 76.847214 76.86415 76.884088 76.907091 76.933209 76.962478 76.994921 77.030542 77.069329 77.11125 77.156254 77.20427 77.255207 77.308951 77.365372 77.424317 77.485618 77.549088 77.614527 77.681722 77.750447 77.82047 77.891553 77.963452 78.035922 78.108721 78.181605 78.254339 78.326689 78.398434 78.469356 78.53925 78.607922 78.67519 78.740887 78.80486
77.018394 76.990424 76.963204 76.936804 76.911299 76.886769 76.863296 76.840967 76.819872 76.800105 76.781765 76.764953 76.749774 76.736338 76.724755 76.71514 76.707609 76.702279 76.69927 76.6987 76.700687 76.705346 76.71279 76.723128 76.736461 76.752883 76.772481 76.795327 76.821485 76.850999 76.883902 76.920206 76.959903 77.002966 77.049346 77.09897 77.151745 77.207551 77.266248 77.327676 77.391652 77.457975 77.526427 77.596778 77.668783 77.74219 77.816739 77.892167 77.96821 78.044603 78.121087 78.197406 78.273313 78.348568 78.422941 78.496214 78.568179 78.638644 78.707432 78.774383
76.942247 76.912499 76.883478 76.855258 76.827916 76.801534 76.776199 76.752 76.729033 76.707397 76.687195 76.668535 76.65153 76.636295 76.62295 76.611617 76.602424 76.595496 76.590966 76.588962 76.589615 76.593055 76.599406 76.608791 76.621327 76.637121 76.656274 76.678872 76.704991 76.734689 76.768007 76.804967 76.84557 76.889791 76.937585 76.98888 77.043576 77.101551 77.162657 77.226718 77.293539 77.362904 77.434575 77.5083 77.583815 77.660844 77.739104 77.818311 77.898176 77.978414 78.058746 78.138896 78.218599 78.297598 78.375649 78.452519 78.527989 78.601854 78.673927 78.744039
76.864686 76.83307 76.802155 76.772016 76.742733 76.714391 76.68708 76.660894 76.635932 76.612299 76.590103 76.569459 76.550485 76.533306 76.518049 76.504846 76.493835 76.485152 76.478942 76.475345 76.474507 76.476571 76.481677 76.489963 76.501561 76.516596 76.535183 76.557426 76.583415 76.613221 76.646898 76.68448 76.725975 76.771366 76.820611 76.873638 76.930345 76.990604 77.054256 77.121114 77.190967 77.263579 77.338692 77.416032 77.495308 77.57622 77.65846 77.741716 77.825676 77.910032 77.99448 78.078724 78.162481 78.245475 78.327445 78.408146 78.487345 78.564825 78.640388 78.713854
76.785704 76.752127 76.719219 76.687058 76.655726 76.625311 76.595905 76.567607 76.540521 76.514755 76.490424 76.46765 76.446556 76.427276 76.409946 76.394709 76.38171 76.371101 76.363036 76.357672 76.355168 76.355682 76.359373 76.366394 76.376896 76.391023 76.408907 76.430669 76.456418 76.486241 76.520209 76.558366 76.600732 76.647299 76.698028 76.752849 76.81166 76.874324 76.940673 77.010505 77.083593 77.159678 77.238479 77.319696 77.40301 77.488092 77.574605 77.662207 77.750561 77.839329 77.928184 78.016807 78.104893 78.19215 78.2783 78.36308 78.446246 78.527569 78.606839 78.683865
76.705295 76.669661 76.634658 76.600367 76.566873 76.534265 76.50264 76.4721 76.442752 76.414711 76.388096 76.363034 76.33966 76.318111 76.298535 76.281084 76.265915 76.253192 76.243082 76.235758 76.231395 76.230167 76.232252 76.237822 76.24705 76.260096 76.277117 76.298255 76.323636 76.353369 76.38754 76.426212 76.469417 76.517157 76.569401 76.62608 76.687089 76.752288 76.821495 76.894495 76.971039 77.050846 77.133607 77.21899 77.306648 77.396216 77.487325 77.579601 77.672673 77.766175 77.859753 77.953063 78.045777 78.137583 78.228187 78.317312 78.404698 78.490105 78.573311 78.654115
76.623457 76.585665 76.548461 76.511929 76.476154 76.44123 76.407256 76.374335 76.342582 76.312113 76.283056 76.255543 76.229714 76.205718 76.183709 76.163851 76.146313 76.131272 76.11891 76.109414 76.102977 76.099794 76.10006 76.103971 76.111719 76.123492 76.139467 76.15981 76.184673 76.214186 76.248458 76.287568 76.331567 76.380468 76.43425 76.492848 76.556156 76.624027 76.696268 76.772647 76.852892 76.936695 77.023715 77.113588 77.205927 77.300332 77.396394 77.493703 77.591851 77.69044 77.789083 77.887412 77.985074 78.081737 78.177089 78.270839 78.362713 78.45246 78.539846 78.624659
76.540191 76.500137 76.460623 76.421734 76.383556 76.346186 76.309725 76.274281 76.23997 76.206915 76.175247 76.145106 76.11664 76.090003 76.065362 76.04289 76.022768 76.005187 75.990344 75.978444 75.969697 75.96432 75.96253 75.964546 75.970585 75.980862 75.99558 76.014935 76.039103 76.068242 76.102487 76.14194 76.18667 76.23671 76.292046 76.352622 76.418332 76.489022 76.564488 76.644478 76.728693 76.816796 76.908411 77.003131 77.10053 77.200161 77.301573 77.404312 77.50793 77.611991 77.716075 77.819783 77.922738 78.024586 78.124999 78.223671 78.320317 78.414673 78.506497 78.595564
76.4555 76.413078 76.371141 76.329774 76.289067 76.249116 76.210025 76.171907 76.134879 76.09907 76.064615 76.03166 76.000359 75.970878 75.94339 75.918079 75.89514 75.874778 75.857206 75.842647 75.831331 75.823495 75.819383 75.81924 75.82331 75.831837 75.845057 75.863196 75.886462 75.915045 75.949109 75.988785 76.034166 76.085304 76.142202 76.204812 76.27303 76.346697 76.425594 76.509449 76.597935 76.690678 76.78726 76.88723 76.99011 77.095404 77.202609 77.31122 77.420743 77.530701 77.640634 77.750112 77.858731 77.966117 78.071923 78.175831 78.277545 78.376795 78.473328 78.566909
76.369394 76.324493 76.280016 76.236048 76.192679 76.150007 76.108139 76.067188 76.027277 75.988537 75.951108 75.915142 75.880801 75.848255 75.81769 75.789301 75.763294 75.73989 75.719317 75.701818 75.687645 75.67706 75.67033 75.66773 75.669537 75.676026 75.687469 75.704128 75.726249 75.754059 75.787757 75.827506 75.873432 75.925611 75.984066 76.04876 76.119595 76.196406 76.27896 76.366962 76.460053 76.557816 76.659787 76.765459 76.874296 76.985743 77.099236 77.214213 77.330127 77.446449 77.56268 77.678352 77.793036 77.906333 78.017883 78.127357 78.234452 78.338891 78.440417 78.538787
76.281885 76.234393 76.187255 76.140557 76.09439 76.048853 76.004053 75.960107 75.917138 75.875282 75.834683 75.795498 75.757895 75.722053 75.688167 75.65644 75.627095 75.600364 75.576496 75.555752 75.538406 75.524745 75.515067 75.509677 75.508887 75.513009 75.522356 75.53723 75.557922 75.5847 75.617808 75.657448 75.703784 75.756922 75.816911 75.883732 75.957293 76.037426 76.123885 76.216347 76.314416 76.417628 76.525463 76.637349 76.752683 76.870837 76.991178 77.113077 77.23592 77.359126 77.482147 77.604476 77.725653 77.845261 77.962926 78.07831 78.191109 78.301045 78.407858 78.511304
76.192989 76.14279 76.092869 76.04331 75.994205 75.945652 75.897761 75.850648 75.80444 75.759274 75.7153 75.672677 75.63158 75.592196 75.554725 75.519386 75.486411 75.456048 75.428563 75.404238 75.383371 75.366277 75.353282 75.344728 75.340964 75.342345 75.349228 75.361963 75.380891 75.406333 75.43858 75.477887 75.524459 75.578445 75.639926 75.708904 75.7853 75.868945 75.959578 76.056848 76.160316 76.269464 76.383703 76.502388 76.624832 76.750326 76.87815 77.007595 77.137976 77.268643 77.398995 77.528485 77.656619 77.782961 77.907127 78.028778 78.147612 78.263358 78.375762 78.484582
