data/processed_data/bfs/raumluft_4326_int_idw_eg.asc
NCOLS 300
NROWS 300
XLLCORNER 11.5
YLLCORNER 49.3
DX 0.004
DY 0.00367
NODATA_VALUE -9999
[rows 0 to 25 of 300, columns 180 to 239 of 300]
141.98812 141.75685 141.51876 141.2743 141.0239 140.76803 140.50713 140.24167 139.9721 139.69884 139.42234 139.14303 138.86131 138.5776 138.29228 138.00572 137.71829 137.43034 137.14219 136.85416 136.56655 136.27964 135.9937 135.70898 135.42571 135.14411 134.86439 134.58674 134.31133 134.03833 133.76788 133.50013 133.23519 132.97317 132.71419 132.45833 132.20567 131.95629 131.71024 131.46758 131.22836 130.99261 130.76038 130.53167 130.30652 130.08494 129.86693 129.6525 129.44165 129.23437 129.03065 128.83048 128.63384 128.44072 128.25108 128.06491 127.88218 127.70286 127.52691 127.35431
142.27621 142.03796 141.79259 141.54059 141.28243 141.01861 140.74961 140.4759 140.19798 139.91631 139.63135 139.34355 139.05336 138.76119 138.46745 138.17255 137.87687 137.58075 137.28455 136.9886 136.6932 136.39865 136.10523 135.81319 135.52277 135.2342 134.94769 134.66342 134.38159 134.10235 133.82585 133.55224 133.28162 133.01412 132.74984 132.48886 132.23126 131.97711 131.72648 131.47942 131.23596 130.99614 130.75999 130.52754 130.29879 130.07376 129.85246 129.63488 129.42101 129.21085 129.00439 128.8016 128.60247 128.40697 128.21508 128.02677 127.84201 127.66075 127.48298 127.30865
142.57458 142.32892 142.07584 141.81585 141.54948 141.27725 140.99967 140.71727 140.43055 140.14001 139.84614 139.54942 139.25032 138.94928 138.64674 138.3431 138.03877 137.73413 137.42954 137.12533 136.82182 136.51933 136.21814 135.9185 135.62068 135.32489 135.03135 134.74026 134.4518 134.16613 133.88341 133.60376 133.32732 133.05419 132.78447 132.51825 132.2556 131.9966 131.74129 131.48973 131.24195 130.99799 130.75787 130.52161 130.28921 130.0607 129.83606 129.61529 129.39838 129.18532 128.97609 128.77067 128.56903 128.37115 128.177 127.98654 127.79974 127.61656 127.43697 127.26091
142.88377 142.63024 142.36897 142.10052 141.82545 141.54432 141.25768 140.96608 140.67007 140.37018 140.06693 139.76083 139.45237 139.14201 138.83023 138.51745 138.20408 137.89053 137.57717 137.26435 136.95241 136.64166 136.3324 136.02489 135.71938 135.41613 135.11533 134.81719 134.52189 134.2296 133.94046 133.65462 133.37219 133.09329 132.818 132.54642 132.27861 132.01464 131.75456 131.49842 131.24624 130.99807 130.75391 130.51379 130.2777 130.04565 129.81763 129.59364 129.37367 129.15768 128.94566 128.73759 128.53344 128.33317 128.13675 127.94414 127.75531 127.57021 127.3888 127.21103
143.20438 142.94247 142.67251 142.39507 142.11077 141.82021 141.52397 141.22265 140.91683 140.60707 140.29393 139.97795 139.65965 139.33951 139.01804 138.69567 138.37285 138.04999 137.72748 137.40569 137.08496 136.76562 136.44797 136.13229 135.81883 135.50784 135.19954 134.89412 134.59177 134.29265 133.99692 133.70471 133.41614 133.13132 132.85033 132.57325 132.30017 132.03113 131.76619 131.50538 131.24873 130.99628 130.74802 130.50398 130.26415 130.02852 129.7971 129.56986 129.34678 129.12785 128.91303 128.7023 128.49562 128.29295 128.09426 127.89951 127.70864 127.52163 127.33841 127.15894
143.53702 143.2662 142.98698 142.69999 142.40589 142.10532 141.79891 141.48731 141.17111 140.85094 140.52737 140.20098 139.87232 139.54191 139.21026 138.87785 138.54513 138.21254 137.88047 137.54933 137.21945 136.89117 136.56481 136.24065 135.91895 135.59996 135.2839 134.97096 134.66134 134.3552 134.05269 133.75394 133.45906 133.16816 132.88133 132.59865 132.32018 132.04597 131.77607 131.51051 131.24932 130.99251 130.7401 130.49208 130.24846 130.00922 129.77435 129.54383 129.31764 129.09574 128.87811 128.6647 128.45549 128.25042 128.04946 127.85256 127.65967 127.47074 127.28573 127.10457
143.88235 143.60203 143.31295 143.01581 142.71129 142.4001 142.08291 141.7604 141.43323 141.10205 140.76747 140.43012 140.09055 139.74934 139.40701 139.06406 138.72098 138.37821 138.03617 137.69526 137.35585 137.01828 136.68287 136.34992 136.01968 135.69241 135.36832 135.04763 134.73052 134.41714 134.10765 133.80218 133.50083 133.20372 132.91091 132.62249 132.33852 132.05904 131.78408 131.51369 131.24788 130.98666 130.73003 130.47799 130.23053 129.98764 129.7493 129.51547 129.28614 129.06126 128.84079 128.62471 128.41295 128.20549 128.00226 127.80322 127.60832 127.41749 127.23069 127.04786
144.24109 143.95063 143.65104 143.34307 143.02747 142.70498 142.37635 142.04228 141.70349 141.36067 141.01448 140.66555 140.3145 139.96193 139.60838 139.25439 138.90045 138.54703 138.19457 137.84348 137.49414 137.1469 136.80209 136.46001 136.12092 135.78508 135.45271 135.12402 134.79918 134.47836 134.1617 133.84932 133.54134 133.23786 132.93894 132.64466 132.35507 132.07021 131.79012 131.51481 131.2443 130.9786 130.7177 130.46159 130.21026 129.96368 129.72183 129.48467 129.25218 129.0243 128.801 128.58223 128.36794 128.15807 127.95258 127.75141 127.5545 127.36179 127.17322 126.98873
144.614 144.31269 144.00188 143.68237 143.35496 143.02046 142.67966 142.33334 141.98224 141.62709 141.26861 140.90748 140.54434 140.1798 139.81447 139.44888 139.08356 138.71901 138.35566 137.99395 137.63427 137.27697 136.9224 136.57085 136.2226 135.87789 135.53696 135.20001 134.86721 134.53872 134.21469 133.89524 133.58046 133.27045 132.96528 132.66502 132.3697 132.07936 131.79404 131.51374 131.23847 130.96822 130.703 130.44277 130.18752 129.93723 129.69184 129.45134 129.21567 128.98478 128.75864 128.53718 128.32035 128.10809 127.90034 127.69705 127.49814 127.30356 127.11324 126.92711
145.00187 144.68897 144.36616 144.03432 143.69432 143.34703 142.9933 142.63395 142.26979 141.9016 141.53013 141.15611 140.78021 140.40309 140.02536 139.6476 139.27037 138.89415 138.51943 138.14664 137.77618 137.40843 137.04371 136.68234 136.3246 135.97072 135.62095 135.27548 134.93448 134.59811 134.26651 133.93979 133.61805 133.30136 132.98981 132.68343 132.38227 132.08637 131.79572 131.51035 131.23024 130.9554 130.6858 130.42141 130.16221 129.90816 129.65923 129.41535 129.17649 128.94259 128.7136 128.48945 128.27009 128.05544 127.84545 127.64005 127.43917 127.24274 127.05068 126.86294
145.40559 145.08025 144.7446 144.39958 144.04615 143.68522 143.31772 142.94452 142.5665 142.18449 141.79928 141.41163 141.02228 140.6319 140.24114 139.85061 139.46088 139.07247 138.68586 138.30151 137.91982 137.54119 137.16593 136.79438 136.4268 136.06345 135.70455 135.35029 135.00085 134.65638 134.317 133.98283 133.65395 133.33045 133.01237 132.69976 132.39265 132.09107 131.79502 131.5045 131.2195 130.94 130.66597 130.39739 130.1342 129.87638 129.62387 129.37661 129.13455 128.89763 128.66579 128.43896 128.21706 128.00004 127.78782 127.58033 127.37749 127.17923 126.98547 126.79613
145.82606 145.48738 145.13797 144.77885 144.41105 144.03558 143.6534 143.26548 142.87274 142.47606 142.0763 141.67425 141.2707 140.86635 140.46189 140.05795 139.65511 139.25393 138.8549 138.45848 138.06511 137.67515 137.28896 136.90685 136.52909 136.15594 135.78761 135.4243 135.06617 134.71337 134.36602 134.02421 133.68803 133.35755 133.03281 132.71385 132.40069 132.09334 131.7918 131.49606 131.2061 130.92188 130.64339 130.37057 130.10337 129.84175 129.58564 129.33499 129.08973 128.84979 128.6151 128.38559 128.16118 127.9418 127.72737 127.5178 127.31303 127.11296 126.91752 126.72662
146.26429 145.91127 145.54709 145.17286 144.7897 144.39868 144.00086 143.59726 143.18886 142.77663 142.36145 141.94418 141.52563 141.10656 140.68767 140.26964 139.85307 139.43851 139.0265 138.6175 138.21194 137.81021 137.41266 137.01961 136.63131 136.24804 135.86999 135.49735 135.13028 134.76892 134.41338 134.06375 133.7201 133.3825 133.05096 132.72553 132.40621 132.09301 131.7859 131.48487 131.18989 130.90092 130.61791 130.34082 130.06959 129.80415 129.54444 129.29038 129.04192 128.79896 128.56143 128.32925 128.10234 127.88062 127.66399 127.45238 127.24569 127.04384 126.84675 126.65432
146.72133 146.35288 145.97283 145.5824 145.18278 144.77514 144.36061 143.9403 143.51526 143.0865 142.65497 142.22159 141.7872 141.35261 140.91855 140.48571 140.05473 139.62618 139.2006 138.77847 138.36022 137.94625 137.53691 137.13251 136.73332 136.33958 135.9515 135.56926 135.193 134.82285 134.45892 134.10129 133.75001 133.40512 133.06667 132.73465 132.40907 132.08991 131.77716 131.47078 131.17073 130.87695 130.5894 130.30801 130.03272 129.76345 129.50012 129.24266 128.99099 128.74502 128.50467 128.26984 128.04045 127.8164 127.5976 127.38397 127.1754 126.9718 126.77309 126.57916
147.19832 146.81324 146.41612 146.00828 145.59102 145.16558 144.73321 144.29507 143.85231 143.40598 142.95712 142.50668 142.05556 141.60459 141.15456 140.70616 140.26006 139.81686 139.3771 138.94127 138.50982 138.08313 137.66155 137.2454 136.83493 136.43039 136.03197 135.63984 135.25414 134.87498 134.50245 134.13663 133.77755 133.42525 133.07974 132.74102 132.40908 132.0839 131.76543 131.45363 131.14846 130.84984 130.55771 130.272 129.99262 129.71951 129.45257 129.19171 128.93684 128.68787 128.4447 128.20724 127.97539 127.74904 127.5281 127.31248 127.10206 126.89675 126.69645 126.50107
147.69648 147.29346 146.87795 146.45139 146.01517 145.57068 145.11921 144.66205 144.2004 143.73541 143.26815 142.79964 142.33083 141.86259 141.39572 140.93098 140.46903 140.01049 139.55591 139.10579 138.66058 138.22067 137.7864 137.35808 136.93596 136.52027 136.1112 135.7089 135.3135 134.92509 134.54377 134.16957 133.80253 133.44267 133.08998 132.74446 132.40607 132.07477 131.75052 131.43326 131.12291 130.81941 130.52268 130.23263 129.94917 129.67221 129.40165 129.13739 128.87934 128.62738 128.38142 128.14135 127.90706 127.67844 127.4554 127.23781 127.02558 126.8186 126.61676 126.41996
148.21711 147.7947 147.35935 146.91263 146.45606 145.99111 145.51921 145.04173 144.55994 144.07508 143.58829 143.10063 142.61311 142.12664 141.64206 141.16013 140.68155 140.20695 139.73689 139.27188 138.81235 138.3587 137.91127 137.47035 137.03619 136.60901 136.18896 135.77621 135.37085 134.97298 134.58265 134.1999 133.82474 133.45718 133.0972 132.74477 132.39984 132.06236 131.73226 131.40948 131.09393 130.78552 130.48416 130.18975 129.9022 129.62139 129.34722 129.07958 128.81836 128.56344 128.31471 128.07205 127.83536 127.60451 127.37939 127.15988 126.94588 126.73726 126.53392 126.33575
148.76163 148.31822 147.86145 147.39299 146.91451 146.42761 145.93382 145.43459 144.93133 144.42531 143.91777 143.40982 142.90251 142.39679 141.89355 141.39355 140.89754 140.40613 139.9199 139.43936 138.96494 138.49702 138.03595 137.582 137.1354 136.69636 136.26503 135.84154 135.42598 135.01841 134.61887 134.2274 133.84397 133.46858 133.10119 132.74175 132.3902 132.04646 131.71047 131.38212 131.06133 130.74798 130.44198 130.14321 129.85156 129.56692 129.28915 129.01814 128.75377 128.49591 128.24444 127.99924 127.76017 127.52713 127.29997 127.07859 126.86286 126.65265 126.44786 126.24836
149.33152 148.86537 148.38541 147.8935 147.39142 146.88092 146.36364 145.84116 145.31496 144.78641 144.25681 143.72734 143.19909 142.67306 142.15015 141.63118 141.11687 140.60787 140.10476 139.60803 139.11812 138.6354 138.16019 137.69277 137.23334 136.78209 136.33915 135.90464 135.47861 135.06113 134.6522 134.25182 133.85998 133.47663 133.10172 132.73518 132.37693 132.02689 131.68494 131.35099 131.02493 130.70664 130.39599 130.09286 129.79712 129.50864 129.22729 128.95294 128.68544 128.42468 128.1705 127.92279 127.68139 127.44619 127.21705 126.99384 126.77642 126.56468 126.35848 126.15771
149.92842 149.43758 148.93251 148.41523 147.88771 147.35181 146.80933 146.26194 145.71123 145.15867 144.60561 144.05331 143.5029 142.95543 142.41181 141.87289 141.3394 140.812 140.29126 139.77767 139.27165 138.77358 138.28374 137.80239 137.32973 136.86591 136.41105 135.96523 135.5285 135.10088 134.68236 134.27293 133.87253 133.4811 133.09857 132.72485 132.35983 132.00342 131.65548 131.31591 130.98456 130.6613 130.346 130.03851 129.73869 129.44641 129.1615 128.88383 128.61325 128.34961 128.09277 127.84258 127.59891 127.3616 127.13052 126.90553 126.68648 126.47326 126.26571 126.06372
150.55406 150.03637 149.50406 148.95934 148.40434 147.8411 147.27153 146.69745 146.12054 145.54237 144.96436 144.38783 143.81398 143.24385 142.67843 142.11854 141.56495 141.0183 140.47916 139.94801 139.42527 138.91127 138.4063 137.91057 137.42428 136.94753 136.48043 136.02303 135.57535 135.13738 134.7091 134.29044 133.88135 133.48173 133.09149 132.71051 132.33867 131.97584 131.62189 131.27666 130.94001 130.61179 130.29184 129.98001 129.67613 129.38006 129.09163 128.81067 128.53704 128.27058 128.01112 127.75851 127.5126 127.27324 127.04027 126.81356 126.59294 126.37829 126.16946 125.9663
151.21031 150.66338 150.10149 149.52703 148.94233 148.3496 147.75091 147.14819 146.54326 145.93776 145.33321 144.73097 144.13229 143.53826 142.94986 142.36795 141.79329 141.22652 140.66819 140.11877 139.57866 139.04816 138.52754 138.01699 137.51666 137.02664 136.54699 136.07773 135.61886 135.17034 134.73211 134.30409 133.88619 133.47828 133.08024 132.69193 132.31322 131.94394 131.58393 131.23304 130.89109 130.55791 130.23333 129.91717 129.60927 129.30944 129.01752 128.73333 128.45669 128.18744 127.92542 127.67044 127.42236 127.181 126.94621 126.71783 126.4957 126.27969 126.06963 125.86538
151.89917 151.32036 150.72627 150.11955 149.50271 148.87816 148.24812 147.61468 146.97975 146.34509 145.71228 145.08275 144.45779 143.83851 143.22593 142.62089 142.02416 141.43636 140.85803 140.28962 139.73148 139.18391 138.64713 138.1213 137.60653 137.10288 136.61037 136.129 135.65871 135.19945 134.75111 134.31359 133.88675 133.47045 133.06455 132.66886 132.28323 131.90747 131.54141 131.18484 130.8376 130.49947 130.17028 129.84984 129.53794 129.2344 128.93903 128.65164 128.37205 128.10008 127.83554 127.57826 127.32806 127.08477 126.84822 126.61824 126.39467 126.17736 125.96614 125.76086
152.62281 152.00917 151.38001 150.73823 150.08657 149.42764 148.76384 148.09739 147.43035 146.76454 146.10165 145.44316 144.79037 144.14446 143.50641 142.8771 142.25725 141.64749 141.04833 140.46018 139.88337 139.31814 138.76468 138.22311 137.69351 137.17588 136.67022 136.17648 135.69456 135.22437 134.76577 134.31861 133.88274 133.45798 133.04415 132.64104 132.24846 131.86621 131.49408 131.13185 130.77932 130.43628 130.10251 129.77781 129.46196 129.15475 128.85599 128.56547 128.28299 128.00835 127.74136 127.48184 127.22959 126.98444 126.74619 126.51469 126.28975 126.07121 125.8589 125.65267
153.38354 152.73179 152.06436 151.38444 150.69502 149.99891 149.29871 148.5968 147.89534 147.19628 146.50136 145.81212 145.12989 144.45586 143.79102 143.13623 142.49221 141.85954 141.23869 140.63004 140.03388 139.45041 138.87977 138.32202 137.77719 137.24526 136.72616 136.2198 135.72605 135.24476 134.77575 134.31886 133.87387 133.44057 133.01875 132.60819 132.20865 131.8199 131.44171 131.07384 130.71606 130.36813 130.02982 129.70091 129.38116 129.07034 128.76825 128.47465 128.18935 127.91211 127.64275 127.38106 127.12683 126.87989 126.64003 126.40707 126.18084 125.96115 125.74783 125.54072
154.18387 153.49034 152.78109 152.05962 151.32919 150.59285 149.85339 149.11334 148.375 147.64042 146.91139 146.1895 145.47612 144.77243 144.07942 143.39792 142.72861 142.07205 141.42865 140.79875 140.18258 139.58028 138.99194 138.41757 137.85715 137.31059 136.77778 136.25858 135.7528 135.26025 134.78072 134.31398 133.85979 133.41791 132.98808 132.57004 132.16353 131.76829 131.38406 131.01058 130.64758 130.29481 129.95202 129.61895 129.29536 128.981 128.67564 128.37905 128.09098 127.81123 127.53957 127.27579 127.01967 126.77101 126.52962 126.29529 126.06784 125.84708 125.63284 125.42492
