data/processed_data/bfs/raumluft_4326_int_idw_1g.asc
NCOLS 300
NROWS 300
XLLCORNER 11.5
YLLCORNER 49.3
DX 0.004
DY 0.00367
NODATA_VALUE -9999
[rows 260 to 285 of 300, columns 60 to 119 of 300]
115.25194 115.07514 114.89804 114.72067 114.54307 114.36528 114.18731 114.0092 113.831 113.65272 113.47442 113.29611 113.11784 112.93965 112.76157 112.58363 112.40589 112.22836 112.0511 111.87414 111.69753 111.52129 111.34548 111.17013 110.99529 110.82099 110.64727 110.47418 110.30175 110.13004 109.95907 109.78889 109.61953 109.45104 109.28345 109.11681 108.95113 108.78647 108.62285 108.46031 108.29888 108.13858 107.97944 107.82148 107.66474 107.50922 107.35495 107.20193 107.05019 106.89974 106.75057 106.60269 106.4561 106.31081 106.1668 106.02407 105.88261 105.7424 105.60343 105.46569
115.31275 115.13811 114.96319 114.78802 114.61263 114.43705 114.26131 114.08545 113.90949 113.73347 113.55744 113.38141 113.20542 113.02952 112.85373 112.6781 112.50266 112.32745 112.1525 111.97785 111.80355 111.62963 111.45613 111.28308 111.11054 110.93854 110.76711 110.5963 110.42614 110.25668 110.08796 109.92001 109.75286 109.58657 109.42116 109.25666 109.09312 108.93057 108.76903 108.60855 108.44914 108.29083 108.13366 107.97764 107.82279 107.66914 107.5167 107.36548 107.21551 107.06677 106.91929 106.77307 106.6281 106.48439 106.34193 106.20072 106.06075 105.922 105.78446 105.64812
115.37296 115.20045 115.02767 114.85466 114.68143 114.50802 114.33447 114.1608 113.98705 113.81325 113.63944 113.46564 113.2919 113.11824 112.94471 112.77133 112.59815 112.42519 112.25251 112.08013 111.90809 111.73643 111.56519 111.39441 111.22412 111.05436 110.88517 110.71659 110.54865 110.3814 110.21487 110.0491 109.88412 109.71997 109.55668 109.3943 109.23284 109.07235 108.91285 108.75438 108.59695 108.4406 108.28535 108.13123 107.97825 107.82642 107.67578 107.52633 107.37808 107.23105 107.08523 106.94064 106.79727 106.65512 106.5142 106.37449 106.23599 106.09869 105.96258 105.82763
115.43259 115.26217 115.09149 114.92059 114.74948 114.57821 114.40681 114.23529 114.06371 113.89209 113.72045 113.54885 113.3773 113.20584 113.03451 112.86335 112.69238 112.52164 112.35117 112.18101 112.01119 111.84175 111.67272 111.50414 111.33606 111.16849 111.00149 110.83509 110.66933 110.50424 110.33985 110.17621 110.01335 109.8513 109.6901 109.52977 109.37036 109.21188 109.05438 108.89787 108.74239 108.58796 108.43459 108.28233 108.13117 107.98115 107.83227 107.68456 107.53801 107.39265 107.24847 107.10548 106.96369 106.82309 106.68369 106.54547 106.40843 106.27256 106.13786 106.0043
115.49165 115.32328 115.15466 114.98583 114.81682 114.64764 114.47834 114.30895 114.13949 113.96999 113.8005 113.63104 113.46164 113.29235 113.12318 112.95418 112.78538 112.61682 112.44852 112.28053 112.11288 111.94561 111.77875 111.61234 111.44641 111.28099 111.11614 110.95187 110.78823 110.62525 110.46297 110.30141 110.14062 109.98063 109.82146 109.66315 109.50573 109.34923 109.19368 109.0391 108.88552 108.73297 108.58146 108.43101 108.28165 108.13339 107.98625 107.84024 107.69537 107.55165 107.40909 107.26769 107.12746 106.98839 106.85048 106.71373 106.57814 106.4437 106.31039 106.17821
115.55015 115.3838 115.21721 115.05041 114.88344 114.71633 114.5491 114.38178 114.2144 114.047 113.87961 113.71225 113.54497 113.37779 113.21074 113.04386 112.87719 112.71075 112.54459 112.37873 112.21321 112.04806 111.88332 111.71902 111.5552 111.3919 111.22914 111.06696 110.9054 110.74449 110.58426 110.42475 110.26599 110.108 109.95083 109.7945 109.63903 109.48447 109.33083 109.17814 109.02642 108.87571 108.72601 108.57735 108.42975 108.28323 108.1378 107.99346 107.85024 107.70814 107.56717 107.42734 107.28864 107.15108 107.01466 106.87937 106.74521 106.61218 106.48026 106.34945
115.60811 115.44373 115.27914 115.11434 114.94938 114.78429 114.61909 114.4538 114.28847 114.12313 113.95779 113.7925 113.62729 113.46219 113.29722 113.13242 112.96784 112.80348 112.6394 112.47563 112.31219 112.14913 111.98646 111.82424 111.66249 111.50125 111.34055 111.18042 111.02089 110.862 110.70379 110.54627 110.3895 110.23348 110.07826 109.92386 109.77031 109.61764 109.46587 109.31504 109.16515 109.01624 108.86833 108.72142 108.57556 108.43073 108.28698 108.14429 108.0027 107.86219 107.72279 107.5845 107.44732 107.31125 107.17629 107.04245 106.90971 106.77807 106.64753 106.51807
115.66554 115.50311 115.34046 115.17764 115.01465 114.85154 114.68833 114.52505 114.36173 114.1984 114.03508 113.87182 113.70864 113.54557 113.38264 113.21989 113.05734 112.89504 112.733 112.57127 112.40988 112.24885 112.08822 111.92803 111.76831 111.60909 111.4504 111.29227 111.13474 110.97783 110.82159 110.66603 110.5112 110.35711 110.2038 110.0513 109.89963 109.74881 109.59889 109.44986 109.30177 109.15463 109.00847 108.86329 108.71912 108.57597 108.43386 108.2928 108.1528 108.01387 107.87602 107.73925 107.60356 107.46897 107.33546 107.20304 107.07171 106.94145 106.81228 106.68417
115.72245 115.56193 115.40121 115.24031 115.07926 114.9181 114.75685 114.59553 114.43418 114.27283 114.1115 113.95022 113.78903 113.62796 113.46703 113.30628 113.14574 112.98544 112.82541 112.66568 112.50629 112.34726 112.18863 112.03043 111.8727 111.71545 111.55873 111.40257 111.24699 111.09203 110.93771 110.78408 110.63115 110.47895 110.32751 110.17687 110.02704 109.87804 109.72992 109.58268 109.43635 109.29094 109.14649 109.00301 108.86051 108.71901 108.57852 108.43906 108.30063 108.16325 108.02692 107.89165 107.75745 107.62431 107.49223 107.36122 107.23128 107.10239 106.97457 106.8478
115.77886 115.62021 115.46138 115.30237 115.14324 114.98398 114.82465 114.66526 114.50585 114.34643 114.18705 114.02773 113.8685 113.70938 113.55042 113.39163 113.23306 113.07472 112.91666 112.75889 112.60146 112.44439 112.28772 112.13147 111.97568 111.82038 111.66559 111.51135 111.35769 111.20463 111.05221 110.90045 110.74938 110.59904 110.44944 110.30062 110.15259 110.00538 109.85902 109.71353 109.56893 109.42523 109.28247 109.14065 108.99979 108.85991 108.72102 108.58313 108.44625 108.3104 108.17557 108.04178 107.90903 107.77733 107.64667 107.51706 107.38849 107.26096 107.13447 107.00902
115.83477 115.67797 115.52099 115.36385 115.20658 115.04921 114.89176 114.73427 114.57675 114.41924 114.26177 114.10436 113.94705 113.78986 113.63282 113.47596 113.31931 113.16291 113.00677 112.85093 112.69543 112.54028 112.38553 112.23119 112.07731 111.9239 111.77101 111.61865 111.46687 111.31568 111.16511 111.01519 110.86596 110.71743 110.56963 110.42259 110.27634 110.13088 109.98626 109.84248 109.69957 109.55756 109.41645 109.27626 109.13702 108.99873 108.86141 108.72506 108.58971 108.45536 108.32202 108.18969 108.05839 107.9281 107.79884 107.6706 107.5434 107.41721 107.29205 107.16791
115.8902 115.73521 115.58005 115.42474 115.26931 115.11378 114.95819 114.80256 114.64691 114.49127 114.33567 114.18015 114.02472 113.86941 113.71426 113.55929 113.40454 113.25002 113.09578 112.94183 112.78821 112.63495 112.48208 112.32962 112.1776 112.02606 111.87503 111.72452 111.57457 111.42521 111.27646 111.12836 110.98091 110.83417 110.68814 110.54285 110.39833 110.25459 110.11167 109.96958 109.82834 109.68797 109.54848 109.40991 109.27225 109.13552 108.99975 108.86493 108.73109 108.59822 108.46634 108.33545 108.20556 108.07668 107.9488 107.82193 107.69607 107.57122 107.44737 107.32452
115.94516 115.79195 115.63858 115.48507 115.33144 115.17773 115.02396 114.87015 114.71633 114.56253 114.40878 114.2551 114.10152 113.94806 113.79477 113.64166 113.48876 113.3361 113.18371 113.03161 112.87985 112.72843 112.5774 112.42678 112.27661 112.12689 111.97768 111.82898 111.68084 111.53327 111.38631 111.23997 111.09429 110.94929 110.805 110.66143 110.51861 110.37656 110.23531 110.09487 109.95527 109.81652 109.67863 109.54163 109.40554 109.27036 109.1361 109.00279 108.87042 108.73902 108.60858 108.47911 108.35063 108.22313 108.09662 107.97109 107.84656 107.72302 107.60047 107.47892
115.99965 115.84819 115.69658 115.54484 115.39299 115.24106 115.08907 114.93706 114.78504 114.63305 114.4811 114.32923 114.17747 114.02583 113.87436 113.72307 113.57199 113.42115 113.27058 113.12031 112.97036 112.82076 112.67154 112.52272 112.37434 112.22642 112.07899 111.93208 111.7857 111.6399 111.49468 111.35009 111.20613 111.06285 110.92025 110.77837 110.63723 110.49684 110.35723 110.21841 110.08042 109.94325 109.80694 109.6715 109.53694 109.40327 109.27052 109.13868 109.00778 108.87781 108.74879 108.62073 108.49363 108.3675 108.24234 108.11815 107.99493 107.87269 107.75143 107.63114
116.05369 115.90395 115.75407 115.60406 115.45396 115.30378 115.15355 115.0033 114.85305 114.70283 114.55266 114.40257 114.25259 114.10274 113.95305 113.80355 113.65426 113.50521 113.35642 113.20794 113.05977 112.91195 112.7645 112.61746 112.47085 112.32469 112.17901 112.03384 111.8892 111.74512 111.60162 111.45873 111.31648 111.17487 111.03395 110.89372 110.75422 110.61546 110.47746 110.34024 110.20383 110.06823 109.93346 109.79955 109.6665 109.53433 109.40305 109.27267 109.1432 109.01465 108.88704 108.76036 108.63463 108.50985 108.38602 108.26314 108.14123 108.02028 107.90028 107.78125
116.10729 115.95924 115.81106 115.66276 115.51437 115.36591 115.21741 115.06889 114.92037 114.77189 114.62347 114.47513 114.3269 114.1788 114.03087 113.88312 113.73559 113.58829 113.44126 113.29453 113.14811 113.00204 112.85633 112.71103 112.56615 112.42171 112.27776 112.1343 111.99136 111.84898 111.70717 111.56595 111.42536 111.28541 111.14612 111.00753 110.86964 110.73247 110.59606 110.46041 110.32555 110.19149 110.05824 109.92583 109.79427 109.66357 109.53374 109.40479 109.27674 109.1496 109.02337 108.89806 108.77367 108.65022 108.52771 108.40614 108.28551 108.16583 108.04709 107.92931
116.16045 116.01407 115.86756 115.72094 115.57423 115.42746 115.28066 115.13384 114.98703 114.84026 114.69355 114.54693 114.40042 114.25404 114.10783 113.96181 113.816 113.67043 113.52512 113.3801 113.2354 113.09104 112.94705 112.80345 112.66027 112.51754 112.37526 112.23349 112.09223 111.95151 111.81135 111.67178 111.53282 111.39449 111.25682 111.11982 110.98351 110.84792 110.71306 110.57896 110.44562 110.31307 110.18132 110.05039 109.92029 109.79104 109.66264 109.53511 109.40846 109.28269 109.15782 109.03386 108.91081 108.78867 108.66746 108.54717 108.42782 108.30939 108.1919 108.07535
116.21319 116.06844 115.92357 115.7786 115.63355 115.48844 115.34331 115.19816 115.05303 114.90794 114.76292 114.61798 114.47316 114.32848 114.18396 114.03963 113.89551 113.75163 113.60801 113.46469 113.32167 113.179 113.03669 112.89476 112.75325 112.61218 112.47156 112.33144 112.19182 112.05273 111.9142 111.77624 111.63889 111.50215 111.36606 111.23063 111.09588 110.96184 110.82851 110.69592 110.56409 110.43302 110.30275 110.17327 110.04462 109.91679 109.7898 109.66366 109.53838 109.41398 109.29046 109.16782 109.04609 108.92525 108.80532 108.68631 108.56821 108.45102 108.33476 108.21943
116.26551 116.12237 115.97912 115.83577 115.69235 115.54887 115.40537 115.26187 115.11839 114.97495 114.83158 114.68831 114.54515 114.40212 114.25927 114.1166 113.97414 113.83193 113.68997 113.5483 113.40694 113.26592 113.12526 112.98498 112.84511 112.70567 112.56668 112.42818 112.29017 112.15269 112.01575 111.87938 111.74361 111.60844 111.4739 111.34001 111.20679 111.07426 110.94244 110.81134 110.68099 110.55139 110.42256 110.29452 110.16728 110.04085 109.91525 109.79049 109.66657 109.54351 109.42131 109.29999 109.17955 109.06 108.94134 108.82358 108.70672 108.59076 108.47572 108.36159
116.31742 116.17586 116.0342 115.89244 115.75062 115.60876 115.46687 115.32498 115.18312 115.04131 114.89957 114.75792 114.61639 114.475 114.33377 114.19274 114.05192 113.91133 113.77101 113.63097 113.49124 113.35184 113.2128 113.07413 112.93587 112.79804 112.66065 112.52374 112.38731 112.25141 112.11604 111.98123 111.847 111.71337 111.58036 111.44799 111.31627 111.18524 111.0549 110.92526 110.79636 110.6682 110.5408 110.41417 110.28833 110.16328 110.03905 109.91564 109.79306 109.67132 109.55043 109.43041 109.31125 109.19296 109.07555 108.95903 108.8434 108.72866 108.61481 108.50187
116.36893 116.22893 116.08883 115.94864 115.80839 115.66811 115.52781 115.38751 115.24724 115.10702 114.96688 114.82683 114.6869 114.54712 114.4075 114.26807 114.12885 113.98987 113.85115 113.71271 113.57458 113.43678 113.29932 113.16225 113.02557 112.88931 112.75349 112.61814 112.48328 112.34892 112.21509 112.08181 111.9491 111.81698 111.68548 111.5546 111.42436 111.29479 111.16591 111.03772 110.91024 110.7835 110.6575 110.53226 110.40779 110.28411 110.16123 110.03915 109.91789 109.79746 109.67786 109.55911 109.44121 109.32418 109.20801 109.09271 108.97829 108.86475 108.75209 108.64033
116.42004 116.28158 116.14301 116.00437 115.86567 115.72694 115.58819 115.44946 115.31075 115.1721 115.03353 114.89506 114.75671 114.6185 114.48046 114.3426 114.20496 114.06756 113.93041 113.79355 113.65698 113.52075 113.38486 113.24934 113.11422 112.97951 112.84523 112.71142 112.57808 112.44525 112.31293 112.18116 112.04995 111.91931 111.78928 111.65987 111.53109 111.40296 111.27551 111.14874 111.02267 110.89732 110.77271 110.64883 110.52572 110.40338 110.28182 110.16106 110.0411 109.92196 109.80363 109.68615 109.5695 109.45369 109.33874 109.22466 109.11143 108.99907 108.88759 108.77699
116.47077 116.33381 116.19676 116.05963 115.92246 115.78525 115.64804 115.51084 115.37368 115.23657 115.09954 114.96262 114.82581 114.68915 114.55266 114.41636 114.28027 114.14442 114.00882 113.8735 113.73848 113.60378 113.46943 113.33544 113.20185 113.06866 112.9359 112.8036 112.67176 112.54042 112.4096 112.2793 112.14956 112.02039 111.89181 111.76384 111.63649 111.50978 111.38373 111.25836 111.13368 111.0097 110.88645 110.76392 110.64215 110.52113 110.40088 110.28141 110.16273 110.04486 109.92779 109.81155 109.69613 109.58155 109.4678 109.35491 109.24286 109.13168 109.02136 108.9119
116.52112 116.38564 116.25008 116.11445 115.97877 115.84307 115.70736 115.57167 115.43602 115.30043 115.16492 115.02952 114.89424 114.7591 114.62413 114.48936 114.35479 114.22046 114.08638 113.95258 113.81908 113.68589 113.55305 113.42057 113.28847 113.15678 113.02552 112.8947 112.76434 112.63447 112.50511 112.37627 112.24797 112.12024 111.99308 111.86653 111.74059 111.61528 111.49062 111.36662 111.2433 111.12068 110.99876 110.87756 110.7571 110.63738 110.51843 110.40023 110.28282 110.1662 110.05038 109.93536 109.82115 109.70777 109.59522 109.4835 109.37263 109.2626 109.15342 109.0451
116.5711 116.43708 116.30298 116.16881 116.03461 115.90039 115.76616 115.63196 115.4978 115.3637 115.22969 115.09578 114.96199 114.82836 114.69489 114.56161 114.42854 114.2957 114.16312 114.03081 113.8988 113.76711 113.63575 113.50475 113.37413 113.24391 113.11411 112.98474 112.85584 112.72742 112.59949 112.47208 112.34521 112.21889 112.09314 111.96798 111.84342 111.71949 111.59619 111.47355 111.35157 111.23028 111.10968 110.98979 110.87062 110.75219 110.6345 110.51757 110.40141 110.28602 110.17142 110.05761 109.9446 109.83241 109.72103 109.61048 109.50076 109.39187 109.28383 109.17663
116.62071 116.48813 116.35547 116.22275 116.08999 115.95722 115.82446 115.69172 115.55902 115.42639 115.29384 115.16141 115.02909 114.89693 114.76493 114.63313 114.50153 114.37017 114.23906 114.10822 113.97767 113.84744 113.71754 113.58799 113.45883 113.33005 113.20169 113.07376 112.94629 112.81929 112.69277 112.56677 112.4413 112.31637 112.192 112.06821 111.94502 111.82244 111.70048 111.57917 111.45852 111.33853 111.21923 111.10063 110.98274 110.86557 110.74914 110.63345 110.51851 110.40435 110.29095 110.17834 110.06652 109.95549 109.84528 109.73587 109.62729 109.51953 109.41261 109.30652
