data/processed_data/bfs/raumluft_4326_int_idw_ke.asc
NCOLS 300
NROWS 300
XLLCORNER 11.5
YLLCORNER 49.3
DX 0.004
DY 0.00367
NODATA_VALUE -9999
[rows 208 to 233 of 300, columns 0 to 59 of 300]
188.84742 188.52032 188.18831 187.85143 187.50977 187.16342 186.81249 186.45711 186.09743 185.73364 185.36593 184.99453 184.6197 184.24171 183.86087 183.47754 183.09207 182.70487 182.31638 181.92703 181.53733 181.14775 180.75883 180.37109 179.98505 179.60125 179.22019 178.84235 178.46819 178.0981 177.73241 177.37136 177.01511 176.66371 176.31708 175.975 175.6371 175.30287 174.97162 174.64251 174.31451 173.98646 173.65704 173.32477 172.98809 172.64531 172.29472 171.93453 171.56298 171.17835 170.77898 170.36336 169.9301 169.47803 169.0062 168.51389 168.00063 167.46623 166.91075 166.33451
188.71544 188.39265 188.06516 187.73305 187.39638 187.05525 186.70977 186.36008 186.00631 185.64866 185.2873 184.92245 184.55436 184.18328 183.80952 183.43338 183.05521 182.67538 182.29427 181.91229 181.52987 181.14747 180.76552 180.38449 180.00484 179.62702 179.25146 178.87855 178.50867 178.14213 177.77919 177.42001 177.0647 176.71324 176.36552 176.02129 175.6802 175.34173 175.00524 174.66994 174.33491 173.99909 173.66129 173.32022 172.97448 172.6226 172.26307 171.89436 171.51493 171.12329 170.71804 170.29786 169.86157 169.40818 168.93686 168.44698 167.93816 167.41021 166.86317 166.29729
188.58581 188.26719 187.94407 187.61653 187.28464 186.94851 186.60824 186.26396 185.91581 185.56397 185.20861 184.84994 184.48819 184.12361 183.75646 183.38704 183.01566 182.64266 182.26838 181.8932 181.5175 181.14166 180.7661 180.39121 180.01737 179.64499 179.27441 178.90597 178.53997 178.17665 177.81621 177.45876 177.10435 176.75293 176.40435 176.05836 175.7146 175.37258 175.0317 174.69122 174.35032 174.00802 173.66328 173.31493 172.96174 172.60243 172.23568 171.86014 171.47449 171.07744 170.66777 170.24436 169.8062 169.35241 168.8823 168.39534 167.89116 167.36961 166.83072 166.27468
188.45846 188.14385 187.82494 187.50179 187.1745 186.84315 186.50784 186.16872 185.82591 185.47958 185.1299 184.77706 184.42128 184.06279 183.70184 183.3387 182.97365 182.607 182.23906 181.87017 181.50066 181.13088 180.76119 180.39192 180.02341 179.65599 179.28997 178.92561 178.56316 178.2028 177.84468 177.48887 177.13537 176.7841 176.4349 176.08752 175.74158 175.39664 175.05213 174.70738 174.36163 174.014 173.66355 173.30926 172.95003 172.58474 172.21223 171.83132 171.44086 171.03974 170.62691 170.20138 169.7623 169.30892 168.84062 168.35695 167.8576 167.34242 166.81142 166.26477
188.33329 188.02255 187.70769 187.38877 187.06588 186.7391 186.40855 186.07434 185.73661 185.3955 185.0512 184.70387 184.35372 184.00096 183.64583 183.28856 182.92942 182.56869 182.20665 181.84359 181.47981 181.11563 180.75135 180.38726 180.02365 179.66081 179.29897 178.93838 178.57921 178.2216 177.86567 177.51143 177.15888 176.8079 176.45832 176.10988 175.76224 175.41496 175.06751 174.71929 174.36959 174.01764 173.66258 173.30351 172.93946 172.56943 172.19241 171.80738 171.41332 171.00928 170.59434 170.16766 169.72848 169.27616 168.81018 168.33013 167.83574 167.32689 166.80358 166.26593
188.21022 187.90322 187.59226 187.2774 186.95873 186.63634 186.31032 185.98079 185.64789 185.31176 184.97255 184.63043 184.28559 183.93823 183.58856 183.2368 182.88319 182.52799 182.17144 181.81381 181.45537 181.09638 180.73711 180.37782 180.01875 179.66013 179.30219 178.94508 178.58897 178.23397 177.88012 177.52744 177.17589 176.82534 176.47561 176.12645 175.77752 175.42842 175.07867 174.72769 174.37485 174.01946 173.66075 173.29791 172.93009 172.55641 172.17597 171.78789 171.39127 170.98529 170.56914 170.1421 169.70352 169.25283 168.78958 168.31342 167.82412 167.32156 166.80574 166.27677
188.08919 187.7858 187.4786 187.16764 186.85302 186.53482 186.21314 185.88809 185.55979 185.22837 184.89399 184.55681 184.21699 183.87471 183.53019 183.18361 182.83519 182.48516 182.13375 181.78119 181.42772 181.07356 180.71896 180.36413 180.00928 179.65461 179.30029 178.94646 178.59324 178.2407 177.88888 177.53776 177.18727 176.8373 176.48765 176.13807 175.78826 175.43782 175.08631 174.73321 174.37796 174.01991 173.65839 173.29267 172.92199 172.54559 172.16267 171.77245 171.37416 170.96707 170.55049 170.12378 169.68637 169.23779 168.77763 168.30559 167.82147 167.32517 166.81667 166.29607
187.97014 187.67023 187.36664 187.05945 186.74872 186.43454 186.117 185.79622 185.4723 185.14538 184.81559 184.48308 184.14801 183.81054 183.47086 183.12916 182.78562 182.44046 182.09386 181.74605 181.39722 181.04759 180.69735 180.34669 179.99579 179.64482 179.2939 178.94317 178.59269 178.24253 177.89269 177.54314 177.19381 176.84456 176.4952 176.1455 175.79515 175.44381 175.09105 174.73641 174.37937 174.01935 173.65575 173.28792 172.91519 172.53688 172.15229 171.76073 171.36153 170.95405 170.53769 170.11189 169.67616 169.23008 168.77331 168.30558 167.82671 167.33661 166.83529 166.3228
187.85301 187.55646 187.25636 186.95278 186.64579 186.33546 186.0219 185.70519 185.38546 185.06281 184.73738 184.40931 184.07874 183.74583 183.41074 183.07363 182.73469 182.3941 182.05203 181.70868 181.36422 181.01883 180.67268 180.32595 179.97877 179.63128 179.28359 178.9358 178.58796 178.24011 177.89223 177.54428 177.19618 176.84779 176.49893 176.14937 175.79883 175.44697 175.09342 174.73774 174.37947 174.01809 173.65306 173.2838 172.90971 172.53019 172.14463 171.75241 171.35296 170.9457 170.53012 170.10573 169.6721 169.22887 168.77573 168.31246 167.8389 167.35497 166.86067 166.35607
187.73776 187.44445 187.14772 186.84761 186.54421 186.23758 185.92782 185.61502 185.29928 184.98071 184.65944 184.33559 184.00929 183.68069 183.34994 183.01719 182.68259 182.34632 182.00852 181.66937 181.32902 180.98764 180.64535 180.30232 179.95866 179.61447 179.26986 178.92489 178.5796 178.234 177.88808 177.54178 177.195 176.84761 176.49944 176.15027 175.79982 175.44781 175.09387 174.73761 174.37861 174.01641 173.65051 173.2804 172.90556 172.52544 172.13951 171.74723 171.34809 170.94158 170.52726 170.1047 169.67353 169.23343 168.78413 168.32544 167.85723 167.37942 166.89202 166.39509
187.62433 187.33416 187.04067 186.74391 186.44396 186.14089 185.83478 185.52571 185.21379 184.89912 184.58181 184.26198 183.93975 183.61525 183.28861 182.95999 182.6295 182.29731 181.96356 181.62839 181.29193 180.95433 180.61571 180.27618 179.93586 179.59483 179.25317 178.91092 178.56811 178.22473 177.88077 177.53615 177.19079 176.84454 176.49724 176.14868 175.79861 175.44675 175.09278 174.73635 174.37706 174.01451 173.64824 173.27781 172.90274 172.52256 172.13679 171.74495 171.3466 170.9413 170.52865 170.10828 169.67987 169.24313 168.79785 168.34384 167.881 167.40927 166.92865 166.43919
187.5127 187.22556 186.9352 186.64167 186.34504 186.04539 185.74277 185.43729 185.12903 184.81808 184.50456 184.18856 183.8702 183.5496 183.22688 182.90217 182.5756 182.24729 181.91737 181.58597 181.25321 180.9192 180.58406 180.24788 179.91076 179.57275 179.23393 178.89432 178.55393 178.21276 177.87077 177.52789 177.18402 176.83904 176.49277 176.14503 175.79559 175.44418 175.09051 174.73426 174.37508 174.01259 173.64639 173.27609 172.90125 172.52147 172.1363 171.74535 171.34821 170.94451 170.53388 170.116 169.69061 169.25744 168.81631 168.36706 167.90961 167.4439 166.96993 166.48776
187.40282 187.11861 186.83128 186.54086 186.24744 185.95107 185.65182 185.34977 185.04502 184.73764 184.42773 184.11539 183.80073 183.48385 183.16487 182.84389 182.52104 182.19642 181.87015 181.54234 181.2131 180.88252 180.55071 180.21773 179.88367 179.54859 179.21251 178.87548 178.53748 178.1985 177.8585 177.5174 177.17511 176.83151 176.48644 176.13972 175.79112 175.44042 175.08735 174.7316 174.37286 174.0108 173.64506 173.27528 172.90108 172.52209 172.13794 171.74825 171.35268 170.9509 170.54259 170.12747 169.7053 169.27587 168.83901 168.39458 167.94251 167.48276 167.01534 166.5403
187.29467 187.0133 186.72888 186.44148 186.15114 185.85794 185.56192 185.26318 184.96179 184.65783 184.35139 184.04256 183.73143 183.41811 183.10269 182.78528 182.46598 182.14488 181.8221 181.49772 181.17184 180.84454 180.51592 180.18602 179.85492 179.52265 179.18926 178.85474 178.5191 178.18231 177.84432 177.50506 177.16444 176.82233 176.4786 176.13306 175.78552 175.43576 175.08353 174.72857 174.37059 174.00928 173.64434 173.27543 172.90221 172.52437 172.14156 171.75347 171.35978 170.96021 170.55447 170.14233 169.72357 169.29801 168.8655 168.42594 167.97925 167.52541 167.06442 166.59634
187.18821 186.90959 186.62801 186.34351 186.05615 185.766 185.4731 185.17754 184.87938 184.57871 184.27559 183.97012 183.66238 183.35247 183.04046 182.72646 182.41055 182.09283 181.77338 181.45229 181.12964 180.80549 180.47993 180.15301 179.82477 179.49525 179.16446 178.83243 178.49912 178.16452 177.82857 177.4912 177.15232 176.81181 176.46954 176.12535 175.77905 175.43044 175.07929 174.72537 174.36841 174.00815 173.64429 173.27655 172.90463 172.52824 172.14707 171.76086 171.36932 170.97219 170.56925 170.16027 169.74507 169.32349 168.89541 168.46074 168.01941 167.57141 167.11675 166.65549
187.08343 186.80748 186.52863 186.24694 185.96247 185.67525 185.38537 185.09287 184.79782 184.5003 184.20039 183.89815 183.59366 183.28701 182.97828 182.66755 182.3549 182.04041 181.72417 181.40623 181.08668 180.76558 180.44298 180.11893 179.79347 179.46663 179.13841 178.80881 178.47783 178.14542 177.81153 177.4761 177.13904 176.80023 176.45955 176.11684 175.77194 175.42467 175.07481 174.72216 174.36647 174.00749 173.64499 173.27868 172.90832 172.53364 172.15437 171.77028 171.38111 170.98665 170.58668 170.18101 169.7695 169.352 168.9284 168.49862 168.06264 167.62042 167.17198 166.71739
186.98031 186.70694 186.43074 186.15178 185.87008 185.58572 185.29873 185.00918 184.71714 184.42267 184.12582 183.82669 183.52533 183.22183 182.91624 182.60866 182.29914 181.98777 181.67461 181.35972 181.04316 180.725 180.40527 180.08401 179.76126 179.43703 179.11133 178.78415 178.45548 178.12527 177.79348 177.46004 177.12486 176.78783 176.44885 176.10776 175.76441 175.41865 175.07026 174.71907 174.36485 174.00739 173.64646 173.28183 172.91326 172.54052 172.16337 171.78161 171.39501 171.00338 170.60654 170.20432 169.79659 169.38323 168.96415 168.53929 168.1086 167.6721 167.22979 166.78172
186.87882 186.60795 186.33433 186.058 185.779 185.49739 185.21321 184.92652 184.63737 184.34583 184.05196 183.75582 183.45747 183.15699 182.85444 182.54989 182.2434 181.93503 181.62484 181.31289 180.99923 180.68392 180.36697 180.04844 179.72833 179.40667 179.08346 178.75868 178.43231 178.10432 177.77465 177.44323 177.11 176.77484 176.43765 176.0983 175.75664 175.41252 175.06578 174.71622 174.36367 174.00792 173.64877 173.286 172.91942 172.54882 172.17398 171.79473 171.41086 171.02222 170.62864 170.22997 169.82611 169.41695 169.00241 168.58245 168.15704 167.72617 167.28988 166.84822
186.77894 186.51051 186.23939 185.96562 185.68923 185.41028 185.12882 184.84488 184.55854 184.26983 183.97883 183.68558 183.39014 183.09259 182.79297 182.49134 182.18776 181.8823 181.57499 181.26589 180.95505 180.64249 180.32827 180.01239 179.69488 179.37575 179.05499 178.73259 178.40852 178.08275 177.75523 177.42589 177.09466 176.76144 176.42614 176.08863 175.74878 175.40645 175.06148 174.71372 174.363 174.00912 173.65192 173.2912 172.92679 172.55849 172.18613 171.80954 171.42855 171.04302 170.6528 170.25778 169.85784 169.45292 169.04294 168.62787 168.20768 167.78239 167.35202 166.91663
186.68066 186.4146 186.14591 185.87462 185.60077 185.3244 185.04557 184.76431 184.48067 184.19471 183.90648 183.61603 183.32341 183.02868 182.73189 182.43309 182.13235 181.82969 181.52518 181.21885 180.91074 180.60088 180.28931 179.97603 179.66107 179.34443 179.0261 178.70606 178.3843 178.06076 177.73542 177.40819 177.07902 176.74781 176.41448 176.0789 175.74096 175.40054 175.05748 174.71166 174.3629 174.01105 173.65595 173.29743 172.93534 172.56949 172.19975 171.82595 171.44796 171.06564 170.67888 170.28756 169.89161 169.49095 169.08553 168.67533 168.26032 167.84053 167.41598 166.98673
186.58396 186.32021 186.05388 185.785 185.51362 185.23976 184.96348 184.68481 184.4038 184.1205 183.83496 183.54721 183.25732 182.96533 182.67129 182.37524 182.07723 181.77731 181.47551 181.17187 180.86643 180.5592 180.25023 179.93951 179.62705 179.31287 178.99695 178.67927 178.3598 178.03852 177.71537 177.3903 177.06323 176.7341 176.4028 176.06924 175.73331 175.3949 175.05387 174.71009 174.36343 174.01374 173.66088 173.30469 172.94504 172.58178 172.21477 171.84388 171.46898 171.08996 170.70672 170.31917 169.92724 169.53086 169.13 168.72463 168.31475 167.90039 167.48156 167.05834
186.48883 186.22733 185.9633 185.69677 185.42778 185.15636 184.88256 184.60641 184.32795 184.04723 183.76429 183.47918 183.19193 182.9026 182.61122 182.31784 182.0225 181.72524 181.42608 181.12507 180.82223 180.51759 180.21115 179.90294 179.59297 179.28121 178.96768 178.65235 178.33519 178.01617 177.69524 177.37235 177.04744 176.72043 176.39123 176.05977 175.72594 175.38962 175.05072 174.7091 174.36464 174.01722 173.66671 173.31297 172.95588 172.59531 172.23113 171.86324 171.49152 171.11588 170.73622 170.35247 169.96458 169.57249 169.17617 168.77561 168.37081 167.96179 167.54859 167.13127
186.39526 186.13595 185.87416 185.60992 185.34326 185.07421 184.80282 184.52912 184.25314 183.97493 183.69453 183.41197 183.1273 182.84055 182.55176 182.26098 181.96823 181.67356 181.37699 181.07854 180.77825 180.47613 180.1722 179.86647 179.55893 179.24959 178.93843 178.62544 178.31058 177.99384 177.67515 177.35448 177.03175 176.70692 176.37989 176.05059 175.71892 175.38479 175.04809 174.70872 174.36657 174.02152 173.67346 173.32226 172.96783 172.61003 172.24878 171.88396 171.51549 171.14328 170.76725 170.38734 170.0035 169.61569 169.22389 168.8281 168.42832 168.02458 167.61691 167.20538
186.30323 186.04606 185.78646 185.52444 185.26006 184.99333 184.72428 184.45296 184.1794 183.90364 183.6257 183.34562 183.06346 182.77922 182.49297 182.20471 181.9145 181.62236 181.32831 181.03238 180.73458 180.43495 180.13348 179.83018 179.52506 179.2181 178.90931 178.59865 178.2861 177.97164 177.65521 177.33678 177.01629 176.69367 176.36886 176.04177 175.71234 175.38046 175.04605 174.70902 174.36925 174.02665 173.68112 173.33256 172.98086 172.62592 172.26766 171.90598 171.54081 171.17207 170.7997 170.42365 170.04387 169.66034 169.27304 168.88198 168.48716 168.08861 167.68638 167.28052
186.21274 185.95766 185.70019 185.44035 185.17818 184.9137 184.64695 184.37796 184.10675 183.83336 183.55783 183.28018 183.00045 182.71867 182.43488 182.1491 181.86136 181.57169 181.28011 180.98665 180.69131 180.39411 180.09507 179.79418 179.49145 179.18686 178.88042 178.57209 178.26185 177.94968 177.63553 177.31937 177.00113 176.68077 176.35822 176.03341 175.70626 175.37671 175.04465 174.71001 174.37271 174.03264 173.68971 173.34385 172.99495 172.64294 172.28773 171.92924 171.56741 171.20218 170.8335 170.46131 170.08559 169.70632 169.32349 168.93711 168.54719 168.15376 167.75687 167.35658
186.12377 185.87073 185.61534 185.35764 185.09763 184.83535 184.57084 184.30411 184.0352 183.76413 183.49094 183.21566 182.93832 182.65894 182.37756 182.0942 181.80888 181.52163 181.23248 180.94143 180.6485 180.35371 180.05706 179.75855 179.45819 179.15596 178.85185 178.54585 178.23792 177.92805 177.6162 177.30232 176.98637 176.6683 176.34805 176.02556 175.70075 175.37357 175.04392 174.71175 174.37696 174.03948 173.69922 173.35612 173.01008 172.66104 172.30893 171.95368 171.59523 171.23353 170.86854 170.50023 170.12856 169.75353 169.37514 168.99339 168.6083 168.21991 167.82827 167.43344
