data/processed_data/bfs/raumluft_4326_int_idw_combined.asc
NCOLS 300
NROWS 300
XLLCORNER 11.5
YLLCORNER 49.3
DX 0.004
DY 0.00367
NODATA_VALUE -9999
[rows 130 to 155 of 300, columns 240 to 299 of 300]
127.78185 127.63179 127.3777 127.01033 126.51071 125.8469 124.96969 123.80706 122.25777 120.18489 117.41311 113.73971 108.98388 103.12427 96.589911 90.650473 87.435334 88.398187 91.065376 93.432707 96.649034 101.04632 105.8914 110.52109 114.63364 118.1669 121.1648 123.7043 125.86394 127.71277 129.30792 130.69543 131.91202 132.98689 133.94337 134.80011 135.57217 136.27177 136.90892 137.49185 138.0274 138.52129 138.97833 139.4026 139.79757 140.16623 140.51116 140.83459 141.13847 141.42452 141.69425 141.94899 142.18993 142.41814 142.63456 142.84005 143.03538 143.22126 143.39833 143.56715
127.72304 127.53711 127.23685 126.81818 126.26547 125.54782 124.61374 123.38396 121.74238 119.52564 116.51345 112.42825 106.96803 99.929166 91.535722 83.159397 77.9215 82.206982 86.956613 87.181843 90.288874 96.145198 102.49825 108.23929 113.09627 117.11785 120.43824 123.19444 125.50275 127.45574 129.12536 130.5671 131.82384 132.92887 133.90829 134.78265 135.56837 136.27861 136.92409 137.51355 138.0542 138.55206 139.01215 139.43873 139.83542 140.20529 140.55102 140.8749 141.17896 141.46494 141.73439 141.98868 142.22904 142.45653 142.67213 142.87673 143.07109 143.25594 143.43193 143.59963
127.6276 127.39217 127.03613 126.5621 125.95975 125.2018 124.23765 122.98484 121.31851 119.05884 115.9578 111.69192 105.88046 98.166595 88.364171 76.646941 66.903993 85.36057 85.587818 76.542046 81.595145 90.872819 99.41548 106.39464 111.95562 116.39163 119.96587 122.88353 125.29812 127.32319 129.043 130.52047 131.80314 132.92728 133.92095 134.80603 135.59986 136.31625 136.96636 137.55927 138.10247 138.60213 139.06345 139.49077 139.88781 140.25771 140.6032 140.92662 141.23003 141.51522 141.78374 142.037 142.27623 142.50253 142.71688 142.92017 143.11319 143.29667 143.47125 143.63755
127.50177 127.19266 126.76294 126.22277 125.56936 124.78231 123.81592 122.58941 120.97619 118.7926 115.7874 111.63942 105.98624 98.527762 89.18501 77.581755 81.57251 129.12671 69.516107 52.425691 71.235056 86.51095 97.387034 105.37075 111.41098 116.09577 119.80827 122.80721 125.27184 127.32895 129.06989 130.56166 131.85416 132.98514 133.98354 134.87189 135.66788 136.38563 137.03647 137.62964 138.1727 138.67193 139.13256 139.55899 139.95497 140.32368 140.66787 140.98989 141.29183 141.57547 141.8424 142.09403 142.3316 142.55621 142.76885 142.97042 143.16172 143.34347 143.51634 143.68092
127.34438 126.92548 126.39401 125.76757 125.0537 124.24344 123.30083 122.1513 120.67206 118.68544 115.95738 112.2098 107.17725 100.78166 93.587193 88.12119 91.519435 93.633875 52.332275 43.437273 68.325472 85.755955 97.317725 105.51431 111.61089 116.29994 120.00067 122.98444 125.43471 127.47942 129.21003 130.69324 131.97863 133.10364 134.09694 134.98086 135.77293 136.48714 137.13474 137.72489 138.2651 138.76161 139.21963 139.64353 140.03703 140.40331 140.74511 141.06479 141.36441 141.64576 141.91043 142.15982 142.39517 142.6176 142.82808 143.02752 143.21671 143.39638 143.5672 143.72976
127.14166 126.56553 125.89226 125.14616 124.3497 123.51259 122.61514 121.59256 120.32668 118.64758 116.34493 113.19594 109.03665 103.93507 98.53215 94.357683 92.311845 86.715914 70.941871 65.519362 76.933682 89.61129 99.477307 106.90047 112.57435 117.00649 120.54082 123.41213 125.78391 127.77235 129.46166 130.9139 132.17558 133.28206 134.26061 135.13255 135.91471 136.62058 137.26102 137.84493 138.37961 138.87115 139.32464 139.74436 140.13398 140.49661 140.83495 141.15133 141.44779 141.7261 141.98784 142.23438 142.46697 142.68671 142.89457 143.09145 143.27815 143.45539 143.62384 143.78407
126.86267 126.07361 125.20389 124.28476 123.36255 122.47894 121.64137 120.79699 119.82551 118.55403 116.78599 114.34047 111.11635 107.20468 103.02169 99.209872 95.766895 91.104076 85.076506 83.241749 88.221656 95.899451 103.17794 109.25286 114.16907 118.14425 121.38732 124.06482 126.30312 128.19694 129.81745 131.21854 132.44138 133.5178 134.47265 135.32556 136.0922 136.78516 137.41473 137.98931 138.51589 139.00029 139.44739 139.86135 140.2457 140.60348 140.93731 141.24946 141.54193 141.81646 142.07459 142.31769 142.54697 142.76352 142.96831 143.16222 143.34605 143.5205 143.68623 143.84384
126.45921 125.39742 124.25693 123.07903 121.95107 120.97353 120.20273 119.59905 119.01994 118.2614 117.11568 115.42032 113.10351 110.23691 107.06592 103.90762 100.85862 97.767601 95.18246 94.858562 97.645861 102.34578 107.43631 112.12238 116.171 119.59204 122.47014 124.89988 126.96526 128.73537 130.26536 131.59881 132.77015 133.80663 134.72998 135.55762 136.30367 136.9796 137.59487 138.15728 138.67335 139.14856 139.58753 139.99421 140.37198 140.72375 141.05204 141.35906 141.64673 141.91676 142.17063 142.40969 142.63512 142.84799 143.04926 143.23979 143.42035 143.59166 143.75436 143.90904
125.87471 124.47888 122.96413 121.38647 119.90476 118.7341 118.02899 117.76417 117.72667 117.6233 117.19637 116.2815 114.8241 112.88554 110.63495 108.29465 106.05641 104.11928 102.91923 103.10686 104.9521 108.01505 111.57938 115.11254 118.35243 121.21614 123.70801 125.86616 127.73713 129.36547 130.79019 132.0441 133.15431 134.14305 135.02854 135.8257 136.54685 137.20217 137.80012 138.34779 138.85118 139.31532 139.74454 140.14253 140.51248 140.85714 141.17893 141.47995 141.76205 142.02686 142.27585 142.51029 142.73135 142.94006 143.13736 143.32409 143.50102 143.66884 143.82818 143.97962
125.06317 123.27078 121.23609 119.02477 116.91192 115.34479 114.6976 114.96056 115.7312 116.50951 116.93733 116.84439 116.20528 115.09691 113.6696 112.11665 110.64668 109.49292 108.94648 109.29403 110.62796 112.75079 115.30735 117.97319 120.53874 122.90067 125.02459 126.91284 128.58432 130.06354 131.37533 132.54254 133.58527 134.52076 135.36364 136.12628 136.81906 137.45078 138.02886 138.55961 139.04838 139.4998 139.9178 140.3058 140.66679 141.00333 141.3177 141.6119 141.88769 142.14662 142.3901 142.61937 142.83554 143.03963 143.23253 143.41506 143.58798 143.75197 143.90763 144.05554
124.0134 121.76566 119.01837 115.7994 112.53663 110.14841 109.54876 110.74275 112.82178 114.84636 116.31921 117.10495 117.25081 116.88387 116.16955 115.29337 114.4501 113.84003 113.66048 114.06438 115.09295 116.64835 118.54379 120.58468 122.62146 124.56148 126.35827 127.99577 129.47529 130.80693 132.00437 133.08214 134.05415 134.93311 135.73028 136.45551 137.11735 137.72316 138.27932 138.79129 139.26385 139.70108 140.10657 140.48344 140.83442 141.16191 141.46803 141.75464 142.02341 142.27583 142.51323 142.73679 142.94758 143.14658 143.33466 143.51261 143.68116 143.84097 143.99264 144.13673
122.7677 120.03596 116.37411 111.62805 106.306 102.19989 101.64213 104.64955 108.92454 112.70445 115.43132 117.1388 118.02658 118.31192 118.19846 117.87607 117.52334 117.30607 117.36744 117.8061 118.65076 119.85341 121.31241 122.91069 124.54644 126.14635 127.66541 129.08062 130.38381 131.57581 132.66237 133.6516 134.55239 135.37356 136.1234 136.80951 137.43866 138.01691 138.54958 139.04135 139.49635 139.91819 140.31007 140.6748 141.01485 141.33244 141.62953 141.90785 142.16896 142.41427 142.64503 142.86237 143.06731 143.26079 143.44364 143.61663 143.78046 143.93576 144.08313 144.2231
121.42185 118.26833 113.6149 106.88315 98.285996 90.680308 90.131519 96.766501 104.45357 110.43498 114.50692 117.09848 118.64478 119.48003 119.85634 119.97389 119.99987 120.0754 120.31282 120.78647 121.52361 122.50407 123.6727 124.9592 126.29595 127.62855 128.91885 130.14337 131.28993 132.35415 133.33665 134.24097 135.07219 135.836 136.53822 137.18447 137.78 138.32963 138.83773 139.30823 139.74464 140.15011 140.52745 140.87917 141.2075 141.51444 141.8018 142.07118 142.32404 142.56167 142.78528 142.99592 143.19456 143.3821 143.55933 143.72699 143.88575 144.03624 144.17901 144.31458
120.09345 116.74211 111.36841 102.87348 90.827785 77.27354 76.250548 89.376796 100.77692 108.73403 113.90236 117.18386 119.23829 120.49784 121.2517 121.70664 122.02043 122.31683 122.68951 123.20042 123.87769 124.71747 125.69147 126.75816 127.87364 128.99912 130.10455 131.16906 132.17974 133.12988 134.0171 134.84197 135.60681 136.31499 136.97034 137.57688 138.13852 138.65902 139.1419 139.59039 140.00746 140.39581 140.75786 141.09585 141.41176 141.7074 141.98442 142.24428 142.48833 142.71778 142.93375 143.13723 143.32915 143.51035 143.68158 143.84356 143.99693 144.14228 144.28016 144.41106
118.85883 115.69848 110.31744 101.46557 89.033686 80.117991 75.133917 87.741709 99.806443 108.36917 113.96205 117.57595 119.925 121.46275 122.48152 123.1812 123.7071 124.16838 124.64559 125.19281 125.83872 126.58899 127.43133 128.34229 129.29414 130.26015 131.21779 132.14989 133.04462 133.89466 134.69622 135.44807 136.15075 136.80592 137.41596 137.98357 138.51161 139.00293 139.46031 139.88638 140.2836 140.65426 141.00045 141.32412 141.62704 141.91082 142.17694 142.42676 142.6615 142.8823 143.09018 143.28608 143.47088 143.64535 143.81024 143.9662 144.11386 144.25378 144.38647 144.51244
117.69305 115.15468 110.62239 103.20943 93.273137 86.429622 85.76923 92.607937 102.0998 109.60747 114.82286 118.36077 120.77373 122.44191 123.6194 124.48182 125.15615 125.73666 126.29264 126.87177 127.50216 128.19475 128.94682 129.74638 130.57668 131.41995 132.25994 133.08333 133.88008 134.64332 135.36882 136.05446 136.69969 137.30506 137.87186 138.40183 138.89698 139.35943 139.79135 140.19484 140.57191 140.9245 141.2544 141.56329 141.85273 142.12417 142.37893 142.61824 142.84323 143.05494 143.25432 143.44225 143.61954 143.78694 143.94513 144.09475 144.23639 144.37058 144.49783 144.6186
116.46824 114.84525 111.69353 106.66173 100.24066 95.258407 95.183283 99.922619 106.33655 112.00679 116.33664 119.49785 121.78973 123.46489 124.71161 125.66837 126.43873 127.10097 127.71352 128.31787 128.94049 129.5948 130.28367 131.00234 131.74147 132.48979 133.23606 133.97038 134.68474 135.37319 136.0317 136.65784 137.2505 137.80952 138.33546 138.82939 139.29267 139.72685 140.13357 140.51451 140.87133 141.20562 141.51893 141.81269 142.08827 142.34697 142.58996 142.81835 143.03318 143.2354 143.4259 143.60548 143.77491 143.93489 144.08607 144.22904 144.36437 144.49256 144.61409 144.72941
115.01614 114.35767 112.64083 109.89177 106.56252 104.08518 104.14221 106.85955 110.8571 114.82518 118.18764 120.85696 122.92734 124.52878 125.78003 126.77914 127.60466 128.31865 128.969 129.59101 130.20869 130.83617 131.47938 132.13805 132.80778 133.48192 134.1531 134.81427 135.45936 136.08354 136.68327 137.25621 137.80102 138.31718 138.8048 139.26447 139.69708 140.10374 140.48572 140.84433 141.18092 141.49682 141.79332 142.07169 142.33311 142.57872 142.80958 143.0267 143.23101 143.42339 143.60465 143.77554 143.93678 144.08902 144.23288 144.3689 144.49763 144.61956 144.73512 144.84475
113.16883 113.28222 112.76895 111.79861 110.6295 109.89409 110.32333 112.08603 114.68681 117.48565 120.07264 122.2885 124.11931 125.61174 126.82968 127.83621 128.68737 129.43035 130.10331 130.73564 131.34848 131.95559 132.56437 133.17724 133.79305 134.40839 135.01878 135.61949 136.20612 136.77497 137.32314 137.84858 138.34997 138.82664 139.27845 139.70569 140.10893 140.48897 140.84677 141.18336 141.49985 141.79734 142.07694 142.33972 142.58674 142.81898 143.03742 143.24294 143.4364 143.61861 143.7903 143.95219 144.10492 144.24912 144.38536 144.51416 144.63603 144.75142 144.86077 144.96448
110.6711 111.19402 111.62313 112.06472 112.48351 113.03755 114.02157 115.57682 117.56745 119.72054 121.80132 123.67776 125.30457 126.68773 127.85726 128.85148 129.70892 130.46465 131.14855 131.78476 132.39154 132.98167 133.5631 134.13977 134.71261 135.28045 135.84093 136.39112 136.92804 137.44902 137.95184 138.4348 138.89677 139.33708 139.75548 140.15208 140.52727 140.88161 141.21585 141.53082 141.82741 142.10655 142.36919 142.61626 142.84868 143.06733 143.27307 143.46672 143.64904 143.82076 143.98259 144.13517 144.27911 144.41498 144.54332 144.66463 144.77938 144.88799 144.99089 145.08845
106.97228 107.45864 108.74957 110.63499 112.56025 114.3143 115.99897 117.75495 119.61031 121.49223 123.30135 124.9636 126.44357 127.73691 128.85832 129.83178 130.68423 131.44189 132.12824 132.76307 133.36205 133.9368 134.49525 135.04214 135.57968 136.10826 136.62702 137.13441 137.62861 138.10783 138.57049 139.01532 139.44139 139.84815 140.23535 140.60303 140.95143 141.281 141.59232 141.88608 142.16301 142.42391 142.66958 142.90085 143.11852 143.32338 143.51619 143.6977 143.86861 144.02958 144.18127 144.32426 144.45912 144.58639 144.70657 144.82013 144.9275 145.0291 145.12532 145.21651
101.06163 100.87473 103.43257 107.48553 111.30109 114.38922 116.89745 119.06351 121.03879 122.87806 124.58096 126.1318 127.52085 128.75006 129.83131 130.78255 131.6243 132.3771 133.05994 133.68928 134.27866 134.83857 135.37664 135.89798 136.40558 136.90084 137.38397 137.85449 138.31147 138.75387 139.18067 139.59101 139.98423 140.35992 140.7179 141.05818 141.38099 141.68666 141.9757 142.24866 142.50618 142.74896 142.97768 143.19308 143.39588 143.58677 143.76645 143.93559 144.09484 144.2448 144.38607 144.5192 144.64473 144.76314 144.8749 144.98046 145.08023 145.17459 145.2639 145.34851
91.594322 88.974103 94.703697 102.88363 109.27502 113.84654 117.22315 119.87359 122.08038 123.99495 125.69009 127.19915 128.54029 129.72832 130.77904 131.70972 132.53823 133.28202 133.95719 134.57787 135.15595 135.70094 136.22009 136.7186 137.19992 137.66609 138.11811 138.55623 138.98026 139.38975 139.78418 140.16305 140.52599 140.87274 141.20321 141.51748 141.81574 142.09832 142.36564 142.6182 142.85656 143.08133 143.29314 143.49262 143.68042 143.85719 144.02354 144.1801 144.32744 144.46615 144.59676 144.71978 144.83571 144.94501 145.04812 145.14544 145.23737 145.32426 145.40646 145.48429
78.960244 68.689767 83.63253 98.338694 107.39611 113.27159 117.39379 120.48356 122.9327 124.96141 126.69329 128.19817 129.51782 130.68047 131.70821 132.62031 133.43435 134.16638 134.83083 135.44033 136.00552 136.53515 137.03606 137.51341 137.97088 138.41093 138.83509 139.24417 139.63851 140.01816 140.38298 140.73284 141.06759 141.38717 141.69161 141.98103 142.25567 142.51585 142.76196 142.99447 143.21389 143.42076 143.61565 143.79916 143.97186 144.13435 144.28719 144.43095 144.56618 144.69339 144.81309 144.92576 145.03185 145.1318 145.22601 145.31487 145.39874 145.47795 145.55284 145.62368
74.961837 60.679094 80.368524 96.799582 106.68507 113.16881 117.73198 121.11968 123.75234 125.87993 127.65357 129.16575 130.47476 131.61946 132.62796 133.52224 134.32056 135.03858 135.68985 136.28598 136.83679 137.35036 137.83318 138.29028 138.72545 139.1414 139.54001 139.92249 140.28958 140.6417 140.9791 141.30187 141.61013 141.90399 142.18358 142.44913 142.70091 142.93927 143.16459 143.37733 143.57797 143.76702 143.945 144.11247 144.26995 144.418 144.55715 144.68791 144.81079 144.92628 145.03484 145.13692 145.23294 145.3233 145.40839 145.48856 145.56415 145.63548 145.70285 145.76652
80.75719 79.393659 87.767006 98.766766 107.44162 113.77685 118.42814 121.93029 124.65006 126.82888 128.62354 130.13581 131.43263 132.55938 133.54831 134.42361 135.20433 135.90607 136.54185 137.12261 137.65752 138.15416 138.61865 139.05589 139.46965 139.86279 140.23741 140.595 140.93661 141.26295 141.57453 141.87172 142.1548 142.42405 142.67974 142.92218 143.15171 143.3687 143.57356 143.76674 143.94872 144.11997 144.28101 144.43234 144.57448 144.70793 144.83319 144.95074 145.06106 145.16459 145.26178 145.35303 145.43875 145.5193 145.59505 145.66631 145.73342 145.79666 145.85631 145.91263
