data/processed_data/bfs/raumluft_4326_int_idw_combined.asc
NCOLS 300
NROWS 300
XLLCORNER 11.5
YLLCORNER 49.3
DX 0.004
DY 0.00367
NODATA_VALUE -9999
[rows 260 to 285 of 300, columns 120 to 179 of 300]
121.2574 121.11841 120.98187 120.84783 120.71632 120.58741 120.46112 120.33751 120.21661 120.09848 119.98315 119.87065 119.76102 119.6543 119.55051 119.44967 119.35181 119.25694 119.16506 119.0762 118.99034 118.90748 118.82763 118.75078 118.67691 118.60602 118.53809 118.47313 118.41113 118.35207 118.29597 118.24283 118.19265 118.14546 118.10129 118.06017 118.02214 117.98727 117.95565 117.92737 117.90257 117.88142 117.86414 117.85099 117.84231 117.83851 117.84008 117.84761 117.86175 117.88327 117.91299 117.95178 118.00054 118.0601 118.13123 118.21456 118.31052 118.41929 118.54078 118.67462
121.50722 121.37089 121.23699 121.10558 120.9767 120.85038 120.72668 120.60565 120.48731 120.37172 120.2589 120.14891 120.04176 119.93751 119.83616 119.73775 119.64229 119.54982 119.46033 119.37384 119.29036 119.20989 119.13243 119.05799 118.98656 118.91814 118.85273 118.79034 118.73096 118.67461 118.6213 118.57103 118.52385 118.47976 118.43882 118.40106 118.36657 118.3354 118.30765 118.28345 118.26294 118.2463 118.23375 118.22555 118.22203 118.22357 118.23062 118.24369 118.26337 118.2903 118.32515 118.36866 118.42151 118.48438 118.55787 118.64242 118.73836 118.84579 118.96461 119.09448
121.75347 121.61974 121.48843 121.35959 121.23327 121.10949 120.98832 120.8698 120.75395 120.64084 120.53048 120.42292 120.3182 120.21634 120.11737 120.02132 119.92822 119.83808 119.75091 119.66674 119.58558 119.50743 119.4323 119.3602 119.29114 119.22512 119.16214 119.10223 119.04539 118.99163 118.94099 118.89347 118.84912 118.80797 118.77007 118.73548 118.70428 118.67655 118.65239 118.63193 118.61533 118.60276 118.59445 118.59065 118.59167 118.59786 118.60962 118.62741 118.65173 118.68312 118.72216 118.76943 118.8255 118.89089 118.96606 119.05135 119.14698 119.25302 119.36935 119.49569
121.99623 121.86504 121.73626 121.60994 121.48611 121.36482 121.24612 121.13004 121.01663 120.90593 120.79796 120.69278 120.59041 120.49089 120.39425 120.3005 120.20969 120.12182 120.03692 119.95501 119.8761 119.80021 119.72734 119.65752 119.59075 119.52705 119.46643 119.40891 119.3545 119.30324 119.25514 119.21024 119.16858 119.1302 119.09517 119.06355 119.03542 119.01088 118.99002 118.973 118.95995 118.95106 118.94654 118.94665 118.95165 118.96187 118.97768 118.99948 119.02769 119.06279 119.10523 119.15552 119.21409 119.28136 119.3577 119.44335 119.53847 119.64309 119.7571 119.88023
122.23556 122.10686 121.98055 121.85669 121.7353 121.61644 121.50015 121.38646 121.27542 121.16707 121.06145 120.95858 120.85851 120.76127 120.66688 120.57538 120.48679 120.40114 120.31845 120.23874 120.16202 120.08833 120.01766 119.95005 119.88551 119.82405 119.7657 119.71048 119.65841 119.60953 119.56386 119.52145 119.48234 119.44659 119.41425 119.38541 119.36014 119.33854 119.32073 119.30684 119.29702 119.29144 119.29032 119.29388 119.30238 119.31611 119.3354 119.3606 119.39207 119.43022 119.47544 119.52812 119.58862 119.65729 119.73438 119.82011 119.91457 120.01776 120.12958 120.24979
122.47153 122.34527 122.22138 122.09992 121.98092 121.86443 121.75049 121.63914 121.53041 121.42436 121.32101 121.2204 121.12257 121.02755 120.93537 120.84605 120.75964 120.67615 120.5956 120.51803 120.44345 120.37188 120.30335 120.23788 120.17549 120.1162 120.06004 120.00703 119.95721 119.9106 119.86725 119.82721 119.79052 119.75724 119.72743 119.70118 119.67857 119.6597 119.64468 119.63365 119.62676 119.62417 119.62607 119.63269 119.64426 119.66103 119.68331 119.71139 119.7456 119.78627 119.83372 119.88829 119.95027 120.01993 120.09747 120.18304 120.27672 120.37849 120.48824 120.60577
122.70422 122.58033 122.45881 122.3397 122.22304 122.10886 121.99722 121.88814 121.78168 121.67787 121.57674 121.47833 121.38269 121.28983 121.19979 121.11261 121.02831 120.94692 120.86846 120.79297 120.72046 120.65097 120.58451 120.52111 120.4608 120.4036 120.34955 120.29867 120.25099 120.20657 120.16543 120.12763 120.09322 120.06227 120.03483 120.011 119.99086 119.97451 119.96206 119.95364 119.94939 119.94949 119.95409 119.96341 119.97766 119.99708 120.02192 120.05244 120.08893 120.13167 120.18093 120.23698 120.30006 120.37039 120.44812 120.53337 120.62618 120.72653 120.83432 120.94936
122.93368 122.81213 122.69292 122.57611 122.46172 122.34981 122.24041 122.13356 122.0293 121.92767 121.82871 121.73246 121.63894 121.54819 121.46024 121.37514 121.2929 121.21355 121.13713 121.06366 120.99316 120.92568 120.86123 120.79984 120.74153 120.68635 120.63433 120.58548 120.53987 120.49752 120.45849 120.42282 120.39057 120.3618 120.33659 120.31501 120.29716 120.28313 120.27303 120.26699 120.26515 120.26765 120.27466 120.28637 120.30296 120.32467 120.3517 120.38429 120.42268 120.4671 120.5178 120.57499 120.63887 120.70961 120.78733 120.87212 120.964 121.06295 121.16886 121.28158
123.15998 123.04071 122.92377 122.8092 122.69704 122.58734 122.48013 122.37545 122.27335 122.17385 122.07701 121.98284 121.8914 121.80271 121.7168 121.63372 121.55348 121.47612 121.40168 121.33017 121.26164 121.1961 121.13359 121.07414 121.01778 120.96454 120.91446 120.86758 120.82393 120.78357 120.74653 120.71288 120.68266 120.65595 120.63282 120.61335 120.59762 120.58573 120.57778 120.57391 120.57423 120.57889 120.58804 120.60186 120.62051 120.64418 120.67308 120.70741 120.74738 120.79318 120.84501 120.90306 120.96749 121.03843 121.11598 121.2002 121.2911 121.38866 121.49277 121.60331
123.38319 123.26615 123.15142 123.03905 122.92907 122.82152 122.71645 122.6139 122.5139 122.41648 122.3217 122.22958 122.14016 122.05347 121.96955 121.88843 121.81015 121.73472 121.6622 121.5926 121.52596 121.46231 121.40168 121.34411 121.28962 121.23825 121.19005 121.14504 121.10328 121.0648 121.02966 120.99792 120.96963 120.94485 120.92366 120.90614 120.89237 120.88245 120.87648 120.87458 120.87686 120.88345 120.89451 120.91017 120.93061 120.95599 120.98649 121.02228 121.06354 121.11044 121.16316 121.22183 121.2866 121.35757 121.43481 121.51838 121.60827 121.70446 121.80684 121.91532
123.60337 123.48851 123.37595 123.26572 123.15787 123.05243 122.94945 122.84897 122.75102 122.65564 122.56286 122.47274 122.38529 122.30055 122.21857 122.13936 122.06297 121.98943 121.91878 121.85103 121.78623 121.72441 121.6656 121.60983 121.55715 121.50758 121.46118 121.41797 121.378 121.34132 121.30799 121.27805 121.25157 121.2286 121.20923 121.19353 121.18158 121.17347 121.16931 121.16919 121.17323 121.18156 121.1943 121.2116 121.2336 121.26044 121.29229 121.3293 121.37162 121.4194 121.47277 121.53188 121.59681 121.66767 121.74451 121.82735 121.91621 122.01104 122.11176 122.21827
123.82057 123.70785 123.5974 123.48927 123.3835 123.28013 123.17919 123.08073 122.98478 122.89138 122.80057 122.71238 122.62686 122.54402 122.46392 122.38658 122.31204 122.24033 122.17148 122.10553 122.04252 121.98246 121.92541 121.8714 121.82045 121.77262 121.72794 121.68645 121.6482 121.61323 121.58161 121.55338 121.5286 121.50733 121.48966 121.47565 121.46537 121.45893 121.45641 121.45792 121.46355 121.47343 121.48767 121.5064 121.52975 121.55785 121.59084 121.62886 121.67203 121.72049 121.77435 121.83372 121.89868 121.96931 122.04565 122.12772 122.21552 122.30901 122.40812 122.51275
124.03487 123.92423 123.81585 123.70977 123.60603 123.50467 123.40573 123.30924 123.21525 123.12379 123.03489 122.94859 122.86494 122.78396 122.70569 122.63017 122.55742 122.48749 122.4204 122.35619 122.2949 122.23656 122.18121 122.12888 122.07961 122.03344 121.99042 121.95057 121.91396 121.88062 121.85062 121.824 121.80083 121.78116 121.76507 121.75262 121.7439 121.73899 121.73797 121.74095 121.74801 121.75928 121.77484 121.79483 121.81935 121.84852 121.88247 121.92132 121.96517 122.01414 122.06832 122.12781 122.19269 122.26299 122.33876 122.42002 122.50675 122.59892 122.69646 122.79928
124.2463 124.13771 124.03135 123.92728 123.82553 123.72614 123.62914 123.53458 123.44249 123.35292 123.26588 123.18144 123.09961 123.02043 122.94395 122.87019 122.79919 122.73098 122.6656 122.60309 122.54347 122.48679 122.43307 122.38237 122.33471 122.29014 122.2487 122.21043 122.17538 122.14359 122.11512 122.09003 122.06836 122.05019 122.03557 122.02458 122.0173 122.01379 122.01415 122.01845 122.02681 122.0393 122.05604 122.07712 122.10265 122.13273 122.16748 122.207 122.25137 122.30071 122.35509 122.41459 122.47927 122.54917 122.62432 122.70473 122.79038 122.88124 122.97725 123.07834
124.45494 124.34834 124.24396 124.14185 124.04204 123.94457 123.84948 123.7568 123.66657 123.57884 123.49363 123.41098 123.33093 123.25351 123.17876 123.10672 123.03741 122.97088 122.90716 122.84628 122.78829 122.7332 122.68108 122.63194 122.58583 122.5428 122.50288 122.46611 122.43254 122.40223 122.37522 122.35156 122.33131 122.31454 122.3013 122.29166 122.28569 122.28348 122.28508 122.2906 122.30011 122.3137 122.33147 122.3535 122.3799 122.41075 122.44616 122.4862 122.53098 122.58056 122.63503 122.69443 122.75883 122.82826 122.90274 122.98227 123.06684 123.15641 123.25094 123.35034
124.66082 124.55618 124.45374 124.35354 124.25563 124.16004 124.0668 123.97596 123.88755 123.80161 123.71817 123.63728 123.55896 123.48326 123.4102 123.33982 123.27217 123.20726 123.14515 123.08586 123.02943 122.9759 122.9253 122.87767 122.83306 122.79149 122.75303 122.7177 122.68555 122.65663 122.631 122.6087 122.58979 122.57432 122.56236 122.55398 122.54923 122.54819 122.55094 122.55755 122.56809 122.58266 122.60133 122.62419 122.65133 122.68283 122.71876 122.75922 122.80428 122.854 122.90845 122.96769 123.03174 123.10064 123.17441 123.25304 123.33652 123.42482 123.51788 123.61566
124.86402 124.76128 124.66073 124.56241 124.46635 124.37259 124.28117 124.19212 124.10549 124.0213 123.93959 123.86041 123.78378 123.70974 123.63832 123.56957 123.50352 123.44019 123.37964 123.32188 123.26697 123.21493 123.16581 123.11964 123.07646 123.03631 122.99924 122.96528 122.93448 122.90689 122.88256 122.86154 122.84388 122.82964 122.81888 122.81165 122.80803 122.80808 122.81186 122.81945 122.83093 122.84636 122.86582 122.8894 122.91716 122.94919 122.98555 123.02632 123.07156 123.12133 123.17568 123.23466 123.29831 123.36664 123.43966 123.51738 123.59977 123.68681 123.77845 123.87463
125.06457 124.9637 124.865 124.76851 124.67426 124.58229 124.49264 124.40534 124.32044 124.23796 124.15794 124.08042 124.00543 123.93302 123.8632 123.79603 123.73153 123.66974 123.61069 123.55443 123.50098 123.45039 123.40269 123.35792 123.31612 123.27733 123.24158 123.20894 123.17942 123.1531 123.13 123.11019 123.09371 123.08061 123.07096 123.06481 123.06222 123.06326 123.06799 123.07647 123.08877 123.10497 123.12512 123.14931 123.1776 123.21006 123.24675 123.28773 123.33307 123.3828 123.43699 123.49566 123.55885 123.62656 123.69882 123.7756 123.85691 123.9427 124.03295 124.12758
125.26252 125.16348 125.06659 124.97189 124.87941 124.78919 124.70127 124.61568 124.53246 124.45165 124.37328 124.29738 124.22399 124.15315 124.0849 124.01925 123.95626 123.89596 123.83838 123.78356 123.73153 123.68234 123.63601 123.59259 123.55211 123.51462 123.48015 123.44875 123.42047 123.39534 123.37341 123.35473 123.33936 123.32733 123.31872 123.31356 123.31193 123.31387 123.31945 123.32873 123.34178 123.35865 123.3794 123.40411 123.43284 123.46564 123.50257 123.54369 123.58904 123.63868 123.69264 123.75095 123.81363 123.8807 123.95216 124.02801 124.10823 124.19279 124.28166 124.37479
125.45793 125.36068 125.26555 125.1726 125.08185 124.99334 124.90711 124.82319 124.74162 124.66243 124.58566 124.51134 124.43952 124.37021 124.30347 124.23932 124.17779 124.11893 124.06277 124.00935 123.95869 123.91084 123.86583 123.82371 123.78451 123.74826 123.71502 123.68481 123.65769 123.63369 123.61287 123.59527 123.58093 123.56991 123.56226 123.55803 123.55727 123.56004 123.5664 123.5764 123.5901 123.60756 123.62883 123.65398 123.68306 123.71613 123.75323 123.79441 123.83972 123.88919 123.94287 124.00077 124.06291 124.12931 124.19996 124.27487 124.354 124.43735 124.52486 124.61651
125.65084 125.55533 125.46194 125.3707 125.28164 125.1948 125.11021 125.02792 124.94796 124.87035 124.79514 124.72237 124.65206 124.58425 124.51897 124.45627 124.39617 124.33871 124.28392 124.23185 124.18252 124.13597 124.09224 124.05137 124.01338 123.97833 123.94626 123.91719 123.89118 123.86826 123.84848 123.83189 123.81853 123.80844 123.80169 123.79831 123.79835 123.80188 123.80894 123.81958 123.83387 123.85184 123.87356 123.89908 123.92844 123.9617 123.9989 124.04009 124.08529 124.13456 124.1879 124.24535 124.30693 124.37263 124.44246 124.51641 124.59447 124.67661 124.76279 124.85299
125.8413 125.7475 125.6558 125.56622 125.47881 125.3936 125.31063 125.22993 125.15153 125.07547 125.00178 124.93051 124.86168 124.79532 124.73148 124.67018 124.61146 124.55536 124.5019 124.45114 124.40309 124.35779 124.31529 124.27562 124.23881 124.20491 124.17395 124.14597 124.12101 124.09911 124.08032 124.06468 124.05224 124.04303 124.0371 124.03451 124.0353 124.03952 124.04721 124.05843 124.07323 124.09165 124.11375 124.13956 124.16915 124.20254 124.23978 124.28091 124.32597 124.37497 124.42795 124.48492 124.54589 124.61088 124.67987 124.75287 124.82986 124.9108 124.99568 125.08445
126.02935 125.93722 125.84717 125.75923 125.67343 125.58981 125.50841 125.42926 125.35239 125.27783 125.20563 125.13582 125.06842 125.00348 124.94103 124.8811 124.82372 124.76893 124.71677 124.66727 124.62046 124.57638 124.53506 124.49654 124.46086 124.42806 124.39816 124.37122 124.34726 124.32634 124.30848 124.29374 124.28215 124.27376 124.26861 124.26674 124.26821 124.27306 124.28132 124.29306 124.30831 124.32712 124.34953 124.37559 124.40533 124.4388 124.47603 124.51706 124.56192 124.61062 124.66319 124.71965 124.78001 124.84427 124.91242 124.98446 125.06038 125.14014 125.22373 125.31111
126.21503 126.12454 126.0361 125.94975 125.86553 125.78347 125.7036 125.62596 125.55058 125.4775 125.40674 125.33835 125.27236 125.20879 125.14769 125.08908 125.03301 124.9795 124.92859 124.88031 124.83469 124.79178 124.7516 124.7142 124.6796 124.64785 124.61897 124.59302 124.57002 124.55001 124.53304 124.51914 124.50836 124.50073 124.4963 124.49511 124.4972 124.50261 124.5114 124.52359 124.53923 124.55837 124.58104 124.60729 124.63714 124.67064 124.70782 124.7487 124.79331 124.84168 124.89382 124.94975 125.00947 125.07298 125.14029 125.21137 125.28622 125.36482 125.44714 125.53314
126.39839 126.3095 126.22264 126.13785 126.05517 125.97462 125.89625 125.82009 125.74616 125.67451 125.60517 125.53816 125.47353 125.4113 125.35151 125.29419 125.23938 125.18711 125.13741 125.09031 125.04585 125.00407 124.96499 124.92866 124.8951 124.86435 124.83645 124.81144 124.78935 124.77021 124.75408 124.74097 124.73095 124.72403 124.72027 124.7197 124.72236 124.72829 124.73754 124.75014 124.76612 124.78554 124.80842 124.8348 124.86472 124.8982 124.93528 124.97598 125.02032 125.06833 125.12001 125.17538 125.23445 125.2972 125.36365 125.43378 125.50758 125.58502 125.66608 125.75073
126.57947 126.49214 126.40682 126.32356 126.24238 126.16332 126.08641 126.01169 125.93918 125.86892 125.80095 125.73529 125.67199 125.61106 125.55255 125.49648 125.4429 125.39182 125.34329 125.29734 125.254 125.2133 125.17528 125.13998 125.10742 125.07764 125.05067 125.02656 125.00533 124.98702 124.97167 124.95932 124.95 124.94375 124.94061 124.94061 124.94379 124.95019 124.95986 124.97281 124.98909 125.00874 125.03179 125.05827 125.0882 125.12163 125.15857 125.19906 125.24309 125.29071 125.34191 125.39671 125.4551 125.5171 125.58269 125.65187 125.72461 125.80091 125.88073 125.96406
