data/processed_data/bfs/raumluft_4326_int_idw_1g.asc
NCOLS 300
NROWS 300
XLLCORNER 11.5
YLLCORNER 49.3
DX 0.004
DY 0.00367
NODATA_VALUE -9999
[rows 208 to 233 of 300, columns 0 to 59 of 300]
127.70132 127.53378 127.36236 127.18698 127.00755 126.82397 126.63618 126.44408 126.24759 126.04662 125.84108 125.6309 125.416 125.19629 124.97169 124.74214 124.50756 124.26788 124.02305 123.77302 123.51773 123.25715 122.99125 122.72 122.44341 122.16148 121.87423 121.58169 121.28393 120.98102 120.67304 120.36013 120.04241 119.72005 119.39323 119.06217 118.72709 118.38826 118.04593 117.70042 117.35202 117.00104 116.64781 116.29264 115.93582 115.57764 115.21837 114.85822 114.49737 114.13596 113.77407 113.4117 113.04883 112.68537 112.32116 111.95602 111.58973 111.22204 110.85271 110.48149
127.59526 127.42841 127.25778 127.08327 126.9048 126.72231 126.53571 126.34491 126.14984 125.95043 125.74659 125.53825 125.32533 125.10777 124.88549 124.65843 124.42652 124.18971 123.94796 123.7012 123.44941 123.19255 122.93061 122.66357 122.39143 122.11421 121.83193 121.54464 121.25238 120.95525 120.65333 120.34673 120.03559 119.72005 119.4003 119.07653 118.74896 118.4178 118.08331 117.74576 117.40541 117.06254 116.71743 116.37034 116.02155 115.6713 115.3198 114.96725 114.6138 114.25956 113.90461 113.54896 113.19258 112.8354 112.47731 112.11816 111.75777 111.39596 111.03254 110.66731
127.4916 127.32548 127.15565 126.98205 126.80459 126.6232 126.4378 126.24833 126.05471 125.85686 125.65472 125.44822 125.2373 125.02187 124.80189 124.5773 124.34804 124.11406 123.87532 123.63179 123.38342 123.1302 122.87211 122.60916 122.34134 122.06867 121.79119 121.50894 121.22198 120.93038 120.63424 120.33367 120.02878 119.71973 119.40668 119.08981 118.76931 118.44539 118.11828 117.78821 117.45542 117.12016 116.78267 116.44319 116.10194 115.75914 115.41498 115.06963 114.72321 114.37582 114.02752 113.67834 113.32826 112.97722 112.62513 112.27189 111.91734 111.56136 111.20379 110.84448
127.39028 127.22492 127.05594 126.88326 126.70682 126.52656 126.34239 126.15426 125.9621 125.76583 125.5654 125.36074 125.15179 124.9385 124.7208 124.49865 124.27201 124.04081 123.80504 123.56466 123.31964 123.06997 122.81564 122.55666 122.29302 122.02476 121.75191 121.47452 121.19264 120.90635 120.61574 120.32091 120.02199 119.71911 119.41242 119.10208 118.78827 118.47119 118.15104 117.82802 117.50236 117.17426 116.84395 116.51163 116.1775 115.84175 115.50454 115.16601 114.82629 114.48545 114.14356 113.80063 113.45665 113.1116 112.76539 112.41795 112.06917 111.71894 111.36714 111.01367
127.29126 127.12668 126.95856 126.78684 126.61145 126.43233 126.24941 126.06263 125.87193 125.67725 125.47853 125.27571 125.06874 124.85756 124.64212 124.42239 124.19832 123.96987 123.73701 123.49972 123.25797 123.01177 122.7611 122.50596 122.24639 121.98239 121.71401 121.44129 121.1643 120.8831 120.59778 120.30845 120.01522 119.7182 119.41755 119.11341 118.80596 118.49535 118.18177 117.86542 117.54649 117.22516 116.90162 116.57607 116.24868 115.91961 115.589 115.25698 114.92366 114.5891 114.25337 113.91648 113.57844 113.23922 112.89877 112.55702 112.21391 111.86933 111.52322 111.17549
127.19448 127.03071 126.86347 126.69273 126.5184 126.34044 126.15878 125.97337 125.78414 125.59105 125.39404 125.19305 124.98804 124.77896 124.56576 124.34842 124.12688 123.90113 123.67113 123.43686 123.19832 122.95549 122.70838 122.45699 122.20134 121.94147 121.6774 121.40919 121.1369 120.86059 120.58035 120.29627 120.00846 119.71705 119.42214 119.1239 118.82247 118.518 118.21066 117.90063 117.58806 117.27314 116.95603 116.6369 116.3159 115.99318 115.66886 115.34306 115.01586 114.68734 114.35755 114.02651 113.69423 113.36069 113.02586 112.68969 112.35214 112.01312 111.6726 111.33049
127.09989 126.93694 126.77061 126.60086 126.42762 126.25083 126.07044 125.8864 125.69865 125.50715 125.31184 125.11268 124.90961 124.70261 124.49163 124.27664 124.05761 123.8345 123.60731 123.376 123.14059 122.90105 122.6574 122.40965 122.15782 121.90193 121.64203 121.37816 121.11039 120.83878 120.5634 120.28436 120.00174 119.71567 119.42625 119.13362 118.83792 118.53929 118.23787 117.93383 117.62732 117.31848 117.00748 116.69445 116.37954 116.06287 115.74456 115.4247 115.10339 114.78067 114.45661 114.13124 113.80455 113.47654 113.1472 112.8165 112.48439 112.15083 111.81578 111.47919
127.00742 126.84532 126.67993 126.51118 126.33903 126.16343 125.98432 125.80166 125.61539 125.42548 125.23187 125.03452 124.83339 124.62845 124.41966 124.20699 123.99041 123.76991 123.54546 123.31706 123.0847 122.84837 122.60809 122.36387 122.11573 121.86371 121.60784 121.34816 121.08474 120.81764 120.54694 120.27272 119.99507 119.7141 119.42992 119.14265 118.85241 118.55934 118.26356 117.96523 117.66447 117.36143 117.05624 116.74903 116.43992 116.12904 115.81647 115.50232 115.18666 114.86955 114.55103 114.23114 113.90988 113.58727 113.26329 112.93792 112.61114 112.28292 111.95323 111.62205
126.91705 126.75581 126.59136 126.42363 126.25259 126.07819 125.90036 125.71908 125.5343 125.34596 125.15404 124.9585 124.75929 124.55638 124.34975 124.13937 123.92522 123.70727 123.48552 123.25995 123.03057 122.79737 122.56037 122.31958 122.07503 121.82675 121.57476 121.31913 121.05991 120.79716 120.53094 120.26135 119.98847 119.71239 119.43322 119.15106 118.86604 118.57827 118.28787 117.99498 117.69971 117.4022 117.10256 116.8009 116.49735 116.19201 115.88496 115.57629 115.26608 114.95437 114.64121 114.32663 114.01066 113.6933 113.37455 113.0544 112.73283 112.40984 112.0854 111.75949
126.8287 126.66835 126.50485 126.33816 126.16824 125.99503 125.8185 125.6386 125.4553 125.26854 125.0783 124.88455 124.68724 124.48635 124.28185 124.07372 123.86195 123.64651 123.4274 123.20461 122.97814 122.74799 122.51418 122.27673 122.03565 121.79099 121.54277 121.29105 121.03587 120.7773 120.51541 120.25026 119.98195 119.71056 119.43618 119.15893 118.8789 118.5962 118.31094 118.02325 117.73323 117.441 117.14667 116.85033 116.55211 116.25208 115.95033 115.64694 115.34198 115.03549 114.72752 114.41811 114.10727 113.79502 113.48137 113.16632 112.84985 112.53197 112.21266 111.89192
126.74235 126.58289 126.42036 126.25472 126.08592 125.91392 125.73868 125.56017 125.37833 125.19315 125.00458 124.8126 124.61717 124.41827 124.21588 124.00997 123.80054 123.58756 123.37104 123.15096 122.92733 122.70016 122.46946 122.23525 121.99755 121.75639 121.51182 121.26387 121.0126 120.75807 120.50033 120.23946 119.97554 119.70865 119.43888 119.16632 118.89107 118.61322 118.33289 118.05018 117.76519 117.47802 117.18877 116.89755 116.60443 116.30951 116.01287 115.71457 115.41467 115.11324 114.8103 114.5059 114.20006 113.89279 113.58412 113.27403 112.96255 112.64966 112.33537 112.01968
126.65793 126.49938 126.33783 126.17324 126.00557 125.83478 125.66084 125.48371 125.30335 125.11973 124.93282 124.7426 124.54903 124.3521 124.15178 123.94806 123.74092 123.53036 123.31637 123.09894 122.87809 122.65382 122.42615 122.19509 121.96066 121.72291 121.48187 121.23757 120.99008 120.73943 120.48571 120.22896 119.96926 119.7067 119.44135 119.17329 118.90263 118.62945 118.35384 118.07591 117.79573 117.51342 117.22906 116.94274 116.65454 116.36455 116.07282 115.77944 115.48445 115.1879 114.88985 114.59031 114.28933 113.98692 113.6831 113.37787 113.07126 112.76325 112.45386 112.14311
126.57541 126.41778 126.25722 126.09369 125.92715 125.75758 125.58493 125.40918 125.23028 125.04822 124.86296 124.67448 124.48275 124.28776 124.08948 123.88791 123.68303 123.47484 123.26333 123.0485 122.83036 122.60892 122.38419 122.1562 121.92496 121.69051 121.45289 121.21213 120.96828 120.7214 120.47154 120.21876 119.96314 119.70474 119.44364 119.17992 118.91367 118.64496 118.37389 118.10055 117.82501 117.54737 117.26771 116.98611 116.70265 116.4174 116.13042 115.84179 115.55155 115.25975 114.96643 114.67163 114.37538 114.0777 113.77861 113.47813 113.17627 112.87303 112.56844 112.26251
126.49474 126.33803 126.17847 126.01601 125.85061 125.68225 125.5109 125.33652 125.15908 124.97856 124.79493 124.60818 124.41827 124.22519 124.02893 123.82948 123.62682 123.42095 123.21187 122.99958 122.78409 122.56541 122.34356 122.11854 121.8904 121.65916 121.42485 121.18752 120.9472 120.70395 120.45782 120.20888 119.95718 119.7028 119.44579 119.18625 118.92424 118.65984 118.39314 118.12421 117.85314 117.58 117.30487 117.02782 116.74893 116.46826 116.18588 115.90185 115.61621 115.32901 115.0403 114.7501 114.45846 114.16539 113.87092 113.57507 113.27785 112.97928 112.67938 112.37816
126.41587 126.26011 126.10154 125.94015 125.7759 125.60875 125.43869 125.26568 125.08969 124.9107 124.7287 124.54365 124.35554 124.16435 123.97007 123.7727 123.57222 123.36863 123.16193 122.95213 122.73923 122.52324 122.30419 122.08208 121.85695 121.62882 121.39773 121.16371 120.92682 120.68708 120.44457 120.19933 119.95142 119.70091 119.44786 119.19234 118.93442 118.67418 118.41168 118.14701 117.88024 117.61143 117.34067 117.06802 116.79355 116.51732 116.23938 115.9598 115.67863 115.3959 115.11166 114.82595 114.53879 114.25022 113.96026 113.66893 113.37625 113.08224 112.78692 112.49031
126.33877 126.18395 126.02639 125.86607 125.70296 125.53703 125.36826 125.19661 125.02206 124.8446 124.66419 124.48083 124.2945 124.10517 123.91285 123.71753 123.51919 123.31784 123.11347 122.9061 122.69573 122.48237 122.26605 122.04677 121.82457 121.59947 121.3715 121.1407 120.90712 120.6708 120.43178 120.19012 119.94587 119.6991 119.44987 119.19823 118.94426 118.68803 118.42959 118.16903 117.90641 117.6418 117.37526 117.10686 116.83666 116.56472 116.2911 116.01584 115.739 115.46062 115.18073 114.89938 114.6166 114.33241 114.04685 113.75994 113.4717 113.18214 112.89131 112.59921
126.2634 126.10952 125.95298 125.79373 125.63177 125.46705 125.29956 125.12926 124.95615 124.78019 124.60138 124.41969 124.2351 124.04762 123.85722 123.66391 123.46768 123.26852 123.06644 122.86145 122.65355 122.44276 122.2291 122.01258 121.79323 121.57107 121.34614 121.11847 120.8881 120.65508 120.41945 120.18126 119.94056 119.6974 119.45186 119.20398 118.95382 118.70146 118.44695 118.19036 117.93176 117.6712 117.40874 117.14446 116.8784 116.61062 116.34118 116.07012 115.79749 115.52333 115.24768 114.97058 114.69207 114.41216 114.1309 113.8483 113.56439 113.2792 112.99275 112.70505
126.18971 126.03679 125.88125 125.72309 125.56226 125.39875 125.23254 125.0636 124.8919 124.71744 124.5402 124.36016 124.17731 123.99164 123.80314 123.6118 123.41763 123.22063 123.02079 122.81813 122.61266 122.40438 122.19331 121.97948 121.7629 121.54361 121.32163 121.097 120.86976 120.63994 120.40759 120.17275 119.93549 119.69584 119.45386 119.20962 118.96315 118.71454 118.46383 118.21108 117.95636 117.69972 117.44123 117.18093 116.91888 116.65514 116.38976 116.12278 115.85424 115.5842 115.31268 115.03973 114.76537 114.48965 114.21258 113.9342 113.65453 113.3736 113.09143 112.80805
126.11767 125.9657 125.81118 125.65409 125.49441 125.33211 125.16716 124.99956 124.82928 124.6563 124.48061 124.3022 124.12106 123.93718 123.75054 123.56116 123.36902 123.17413 122.97649 122.77611 122.573 122.36717 122.15864 121.94743 121.73356 121.51706 121.29796 121.07628 120.85207 120.62536 120.3962 120.16462 119.93068 119.69443 119.45591 119.21519 118.9723 118.72732 118.48028 118.23126 117.9803 117.72747 117.47281 117.21638 116.95823 116.69841 116.43698 116.17396 115.90941 115.64337 115.37588 115.10697 114.83667 114.56503 114.29206 114.0178 113.74227 113.46551 113.18754 112.90838
126.04723 125.89622 125.74272 125.58671 125.42817 125.26706 125.10339 124.93711 124.76823 124.59672 124.42258 124.24578 124.06632 123.8842 123.69941 123.51194 123.32179 123.12898 122.93349 122.73535 122.53455 122.33112 122.12507 121.91642 121.70519 121.4914 121.2751 121.05629 120.83503 120.61135 120.38528 120.15687 119.92616 119.6932 119.45804 119.22073 118.98131 118.73984 118.49638 118.25096 118.00366 117.75451 117.50358 117.25091 116.99654 116.74054 116.48294 116.22378 115.96312 115.70098 115.43741 115.17244 114.90611 114.63845 114.36949 114.09926 113.82779 113.55511 113.28124 113.00622
125.97837 125.82832 125.67584 125.52091 125.36349 125.20359 125.04117 124.87622 124.70872 124.53867 124.36605 124.19084 124.01305 123.83267 123.64968 123.4641 123.27591 123.08513 122.89176 122.69581 122.49728 122.29619 122.09256 121.88641 121.67775 121.46662 121.25304 121.03703 120.81864 120.59789 120.37483 120.1495 119.92193 119.69217 119.46027 119.22626 118.99021 118.75216 118.51216 118.27025 118.02649 117.78093 117.53362 117.2846 117.03391 116.78162 116.52775 116.27236 116.01548 115.75715 115.4974 115.23629 114.97383 114.71006 114.44502 114.17873 113.91122 113.64253 113.37268 113.1017
125.91104 125.76196 125.6105 125.45663 125.30035 125.14164 124.98047 124.81683 124.65071 124.4821 124.31099 124.13736 123.96121 123.78253 123.60133 123.4176 123.23134 123.04256 122.85126 122.65745 122.46115 122.26235 122.06109 121.85738 121.65124 121.44269 121.23176 121.01848 120.80289 120.585 120.36487 120.14252 119.918 119.69135 119.46262 119.23183 118.99905 118.76432 118.52768 118.28918 118.04887 117.80679 117.56299 117.31752 117.07043 116.82174 116.57151 116.31978 116.06659 115.81197 115.55597 115.29861 115.03994 114.77998 114.51876 114.25633 113.9927 113.72791 113.462 113.19498
125.84522 125.6971 125.54665 125.39386 125.23871 125.08118 124.92125 124.75892 124.59416 124.42698 124.25735 124.08528 123.91075 123.73377 123.55432 123.37241 123.18805 123.00123 122.81197 122.62026 122.42613 122.22958 122.03063 121.82931 121.62562 121.41959 121.21126 121.00064 120.78776 120.57267 120.35538 120.13595 119.9144 119.69077 119.46511 119.23746 119.00786 118.77635 118.54298 118.30779 118.07084 117.83215 117.59178 117.34977 117.10616 116.86099 116.61431 116.36615 116.11656 115.86557 115.61321 115.35953 115.10455 114.84831 114.59084 114.33218 114.07235 113.81139 113.54932 113.28619
125.78087 125.63371 125.48428 125.33255 125.17852 125.02217 124.86348 124.70244 124.53904 124.37326 124.20511 124.03457 123.86165 123.68633 123.50861 123.3285 123.146 122.96111 122.77384 122.58419 122.39219 122.19784 122.00116 121.80217 121.60088 121.39732 121.19151 120.98348 120.77326 120.56088 120.34638 120.12977 119.91111 119.69043 119.46777 119.24316 119.01666 118.78829 118.5581 118.32614 118.09245 117.85706 117.62003 117.38138 117.14118 116.89944 116.65622 116.41155 116.16547 115.91802 115.66923 115.41913 115.16777 114.91517 114.66137 114.4064 114.15029 113.89307 113.63477 113.37544
125.71795 125.57176 125.42334 125.27268 125.11976 124.96458 124.80712 124.64736 124.4853 124.32092 124.15423 123.98521 123.81386 123.64018 123.46417 123.28582 123.10515 122.92216 122.73684 122.54923 122.35931 122.16712 121.97265 121.77594 121.577 121.37584 121.17251 120.96701 120.75938 120.54965 120.33785 120.12401 119.90817 119.69036 119.47061 119.24897 119.02548 118.80017 118.57309 118.34427 118.11375 117.88158 117.6478 117.41244 117.17555 116.93716 116.69731 116.45605 116.2134 115.96941 115.7241 115.47751 115.22969 114.98065 114.73044 114.47908 114.22661 113.97306 113.71846 113.46284
125.65644 125.51121 125.3638 125.2142 125.0624 124.90838 124.75213 124.59365 124.43291 124.26992 124.10467 123.93715 123.76736 123.59529 123.42096 123.24435 123.06548 122.88435 122.70096 122.51533 122.32747 122.13738 121.94509 121.75061 121.55396 121.35516 121.15424 120.95121 120.74611 120.53897 120.32981 120.11866 119.90557 119.69055 119.47365 119.25491 119.03435 118.81202 118.58796 118.3622 118.13479 117.90575 117.67514 117.44299 117.20933 116.97421 116.73766 116.49972 116.26043 116.01981 115.77791 115.53476 115.29039 115.04484 114.79814 114.55032 114.30141 114.05145 113.80047 113.5485
