data/processed_data/bfs/raumluft_4326_int_idw_1g.asc
NCOLS 300
NROWS 300
XLLCORNER 11.5
YLLCORNER 49.3
DX 0.004
DY 0.00367
NODATA_VALUE -9999
[rows 26 to 51 of 300, columns 0 to 59 of 300]
154.44764 154.59576 154.74434 154.89333 155.04268 155.19233 155.34222 155.49228 155.64245 155.79264 155.94278 156.0928 156.24259 156.39208 156.54116 156.68973 156.83769 156.98492 157.1313 157.27671 157.42102 157.56409 157.70578 157.84593 157.9844 158.121 158.25558 158.38796 158.51794 158.64533 158.76993 158.89154 159.00992 159.12485 159.23611 159.34344 159.44659 159.5453 159.63931 159.72833 159.81207 159.89025 159.96255 160.02866 160.08825 160.14099 160.18653 160.22453 160.2546 160.27637 160.28945 160.29342 160.28786 160.27233 160.24636 160.20946 160.16112 160.10079 160.0279 159.94183
154.51723 154.66787 154.81902 154.97065 155.1227 155.27511 155.42782 155.58077 155.73388 155.88709 156.04031 156.19347 156.34647 156.49923 156.65165 156.80362 156.95504 157.10579 157.25576 157.40482 157.55283 157.69966 157.84517 157.98919 158.13157 158.27215 158.41074 158.54717 158.68125 158.81277 158.94153 159.06732 159.18991 159.30907 159.42456 159.53613 159.64353 159.74648 159.8447 159.93793 160.02585 160.10817 160.18458 160.25475 160.31835 160.37504 160.42446 160.46627 160.50008 160.5255 160.54214 160.54958 160.5474 160.53514 160.51233 160.4785 160.4331 160.37561 160.30542 160.22193
154.58604 154.73922 154.89298 155.04727 155.20205 155.35726 155.51283 155.66871 155.82482 155.98108 156.13744 156.29379 156.45006 156.60615 156.76196 156.9174 157.07235 157.2267 157.38033 157.53312 157.68492 157.8356 157.98501 158.13299 158.2794 158.42404 158.56676 158.70735 158.84564 158.98141 159.11445 159.24455 159.37148 159.49499 159.61486 159.73081 159.84258 159.94991 160.05251 160.15008 160.24233 160.32895 160.40962 160.484 160.55176 160.61255 160.66602 160.71179 160.74949 160.77873 160.79909 160.81017 160.81153 160.80273 160.78328 160.7527 160.71047 160.65603 160.58881 160.50818
154.65401 154.80975 154.96615 155.12314 155.28069 155.43873 155.5972 155.75604 155.91519 156.07457 156.2341 156.3937 156.55329 156.71277 156.87204 157.03101 157.18956 157.34758 157.50495 157.66154 157.81721 157.97183 158.12524 158.27729 158.42781 158.57663 158.72357 158.86844 159.01105 159.15119 159.28864 159.42318 159.55457 159.68258 159.80695 159.92742 160.04372 160.15557 160.26268 160.36476 160.46148 160.55255 160.63762 160.71637 160.78845 160.85349 160.91115 160.96104 161.00279 161.03599 161.06023 161.07511 161.08017 161.07498 161.05906 161.03192 160.99304 160.94188 160.87785 160.80034
154.72108 154.87942 155.03847 155.1982 155.35854 155.51945 155.68086 155.84271 156.00494 156.16747 156.33023 156.49313 156.65609 156.81902 156.98182 157.14438 157.30661 157.46837 157.62955 157.79003 157.94965 158.1083 158.2658 158.422 158.57674 158.72984 158.88112 159.03039 159.17743 159.32206 159.46404 159.60314 159.73914 159.87177 160.00079 160.12592 160.24689 160.36341 160.47518 160.5819 160.68326 160.77892 160.86855 160.95181 161.02835 161.09781 161.1598 161.21396 161.25989 161.2972 161.32547 161.34427 161.35319 161.35176 161.33952 161.31599 161.28064 161.23294 161.17231 161.09814
154.7872 154.94815 155.1099 155.27238 155.43556 155.59936 155.76375 155.92865 156.09401 156.25974 156.42577 156.59202 156.75841 156.92485 157.09123 157.25745 157.42341 157.58899 157.75406 157.9185 158.08217 158.24493 158.40661 158.56707 158.72613 158.88362 159.03934 159.19311 159.34472 159.49396 159.64059 159.78439 159.92512 160.06251 160.19632 160.32625 160.45203 160.57337 160.68995 160.80148 160.90761 161.00802 161.10236 161.19028 161.27143 161.34543 161.41191 161.47047 161.52072 161.56227 161.59469 161.61756 161.63045 161.63292 161.62449 161.60469 161.57301 161.52893 161.47188 161.40126
154.8523 155.0159 155.18036 155.34563 155.51166 155.67841 155.84581 156.0138 156.18231 156.35129 156.52064 156.6903 156.86017 157.03017 157.20019 157.37014 157.53991 157.70937 157.87842 158.0469 158.2147 158.38165 158.54761 158.71242 158.87591 159.03789 159.19817 159.35656 159.51285 159.66681 159.81823 159.96686 160.11246 160.25475 160.39349 160.52837 160.65911 160.78541 160.90696 161.02342 161.13448 161.23979 161.33899 161.43173 161.51763 161.59631 161.6674 161.7305 161.7852 161.8311 161.86779 161.89484 161.91181 161.91826 161.91375 161.89778 161.86989 161.82954 161.77621 161.7093
154.91633 155.0826 155.2498 155.41788 155.5868 155.75651 155.92696 156.09807 156.26979 156.44205 156.61478 156.78789 156.96129 157.13491 157.30864 157.48238 157.65602 157.82944 158.00253 158.17514 158.34714 158.51839 158.68873 158.85798 159.02599 159.19257 159.35752 159.52065 159.68174 159.84056 159.99689 160.15049 160.30109 160.44843 160.59223 160.73221 160.86806 160.99947 161.12613 161.2477 161.36383 161.47419 161.57839 161.67608 161.76687 161.85038 161.92621 161.99397 162.05323 162.1036 162.14465 162.17595 162.19709 162.20761 162.20707 162.19501 162.17097 162.13443 162.08489 162.0218
154.97923 155.14818 155.31814 155.48906 155.66091 155.83361 156.00713 156.18141 156.35638 156.53196 156.7081 156.88471 157.06171 157.239 157.41649 157.59409 157.77167 157.94912 158.12632 158.30314 158.47944 158.65507 158.82987 159.00367 159.17631 159.34759 159.51733 159.68531 159.85132 160.01513 160.17651 160.3352 160.49094 160.64347 160.79249 160.9377 161.07882 161.2155 161.34742 161.47424 161.59561 161.71115 161.82051 161.92329 162.01911 162.10757 162.18827 162.26079 162.32472 162.37964 162.42513 162.46076 162.48611 162.50073 162.50421 162.49608 162.4759 162.44319 162.39747 162.33823
155.04092 155.21258 155.38533 155.55911 155.7339 155.90963 156.08627 156.26374 156.44198 156.62094 156.80054 156.98069 157.16133 157.34235 157.52367 157.70518 157.88676 158.06832 158.24972 158.43082 158.6115 158.79159 158.97095 159.1494 159.32677 159.50287 159.6775 159.85046 160.02151 160.19044 160.35699 160.52092 160.68195 160.8398 160.99419 161.1448 161.29132 161.43342 161.57077 161.70299 161.82974 161.95063 162.06529 162.1733 162.27429 162.36782 162.45349 162.53088 162.59956 162.65911 162.7091 162.74909 162.77868 162.79741 162.80488 162.80066 162.7843 162.75537 162.71343 162.65799
155.10135 155.27574 155.45128 155.62796 155.80571 155.9845 156.16427 156.34497 156.52654 156.70891 156.892 157.07575 157.26008 157.44488 157.63008 157.81556 158.00123 158.18695 158.37262 158.55809 158.74323 158.92788 159.11189 159.29509 159.4773 159.65832 159.83796 160.01601 160.19224 160.3664 160.53827 160.70757 160.87403 161.03736 161.19726 161.35342 161.50551 161.65319 161.79611 161.9339 162.06618 162.19257 162.31266 162.42605 162.53233 162.63106 162.72181 162.80416 162.87767 162.9419 162.99642 163.04079 163.0746 163.09741 163.10881 163.1084 163.09576 163.0705 163.03219 162.98042
155.16044 155.33757 155.51594 155.69553 155.87627 156.05814 156.24109 156.42505 156.60996 156.79578 156.98242 157.16981 157.35787 157.54651 157.73564 157.92516 158.11497 158.30493 158.49494 158.68486 158.87454 159.06384 159.2526 159.44064 159.62779 159.81385 159.99862 160.18188 160.3634 160.54294 160.72026 160.89507 161.0671 161.23606 161.40163 161.56349 161.72131 161.87473 162.02338 162.16689 162.30486 162.4369 162.56258 162.68149 162.79318 162.89722 162.99316 163.08055 163.15895 163.2279 163.28696 163.33569 163.37367 163.40047 163.4157 163.41895 163.40985 163.38803 163.35312 163.30478
155.21813 155.39802 155.57923 155.76174 155.9455 156.13048 156.31662 156.50387 156.69217 156.88147 157.07169 157.26277 157.45461 157.64714 157.84026 158.03388 158.22789 158.42216 158.61659 158.81102 159.00534 159.19937 159.39297 159.58596 159.77815 159.96936 160.15937 160.34796 160.53491 160.71996 160.90286 161.08333 161.26109 161.43582 161.60722 161.77495 161.93865 162.09797 162.25252 162.40191 162.54573 162.68357 162.81499 162.93954 163.05678 163.16624 163.26746 163.35997 163.4433 163.51699 163.58058 163.63363 163.67569 163.70635 163.72522 163.73192 163.72609 163.70741 163.67556 163.63026
155.27435 155.457 155.64107 155.82653 156.01333 156.20143 156.39079 156.58136 156.77309 156.9659 157.15974 157.35454 157.55021 157.74668 157.94385 158.14162 158.33989 158.53854 158.73745 158.93649 159.13552 159.33438 159.53291 159.73094 159.92828 160.12474 160.32011 160.51416 160.70666 160.89736 161.08599 161.27226 161.45589 161.63656 161.81395 161.9877 162.15745 162.32284 162.48345 162.63889 162.78873 162.93253 163.06983 163.20018 163.32309 163.43808 163.54466 163.64235 163.73066 163.80909 163.87717 163.93444 163.98046 164.01481 164.03708 164.04693 164.04401 164.02805 163.99879 163.956
155.32902 155.51445 155.70139 155.88981 156.07966 156.27091 156.46352 156.65744 156.85261 157.04897 157.24647 157.44503 157.64458 157.84503 158.0463 158.24828 158.45088 158.65397 158.85744 159.06116 159.26497 159.46874 159.6723 159.87548 160.07808 160.27991 160.48075 160.68038 160.87857 161.07504 161.26954 161.46177 161.65143 161.83819 162.02172 162.20166 162.37764 162.54927 162.71612 162.87778 163.0338 163.18372 163.32706 163.46334 163.59204 163.71268 163.82472 163.92764 164.02094 164.1041 164.17662 164.23801 164.28782 164.32561 164.35099 164.3636 164.36314 164.34936 164.32205 164.28108
155.38207 155.57029 155.76011 155.9515 156.14443 156.33885 156.53472 156.73201 156.93065 157.1306 157.33179 157.53415 157.73762 157.9421 158.14751 158.35376 158.56074 158.76834 158.97644 159.18491 159.3936 159.60237 159.81104 160.01946 160.22742 160.43473 160.64117 160.84651 161.05051 161.2529 161.45341 161.65174 161.84759 162.04061 162.23045 162.41676 162.59914 162.77718 162.95045 163.1185 163.28088 163.43709 163.58663 163.72898 163.86362 163.99 164.10758 164.2158 164.31411 164.40197 164.47884 164.54421 164.5976 164.63855 164.66665 164.68156 164.68299 164.67071 164.64458 164.60454
155.43342 155.62444 155.81715 156.01153 156.20754 156.40514 156.6043 156.80498 157.00713 157.21068 157.4156 157.6218 157.82922 158.03777 158.24738 158.45795 158.66937 158.88154 159.09434 159.30763 159.52127 159.73512 159.94901 160.16277 160.3762 160.5891 160.80125 161.01242 161.22237 161.43082 161.63749 161.84208 162.04427 162.24371 162.44005 162.6329 162.82185 163.00649 163.18636 163.361 163.52991 163.69258 163.84848 163.99707 164.13778 164.27003 164.39324 164.50681 164.61014 164.70266 164.78379 164.85297 164.90968 164.95345 164.98384 165.00049 165.00312 164.99153 164.96562 164.92541
155.48299 155.67682 155.87243 156.0698 156.2689 156.46971 156.67217 156.87626 157.08193 157.28913 157.49779 157.70787 157.91928 158.13195 158.3458 158.56074 158.77666 158.99346 159.21102 159.4292 159.64788 159.8669 160.08609 160.30528 160.52428 160.74288 160.96087 161.178 161.39403 161.60868 161.82166 162.03267 162.24136 162.4474 162.6504 162.84998 163.0457 163.23713 163.42379 163.6052 163.78083 163.95016 164.1126 164.26759 164.41451 164.55275 164.68168 164.80065 164.90902 165.00616 165.09142 165.16422 165.22398 165.27018 165.30234 165.32009 165.32312 165.31125 165.28442 165.24271
155.53072 155.72735 155.92586 156.12623 156.32844 156.53245 156.73824 156.94576 157.15497 157.36583 157.57827 157.79225 158.00769 158.22451 158.44265 158.662 158.88248 159.10397 159.32636 159.54951 159.7733 159.99756 160.22215 160.44687 160.67154 160.89596 161.1199 161.34312 161.56536 161.78636 162.0058 162.22338 162.43875 162.65156 162.86141 163.0679 163.27058 163.469 163.66266 163.85104 164.0336 164.20977 164.37895 164.54051 164.6938 164.83817 164.97292 165.09736 165.21078 165.31248 165.40178 165.47799 165.54048 165.58867 165.62203 165.64013 165.64264 165.62937 165.60026 165.55547
155.57651 155.77594 155.97736 156.18074 156.38606 156.59329 156.8024 157.01337 157.22614 157.44068 157.65693 157.87484 158.09434 158.31536 158.53782 158.76164 158.98672 159.21295 159.44023 159.66842 159.89739 160.12698 160.35705 160.5874 160.81785 161.0482 161.27821 161.50764 161.73624 161.96372 162.18978 162.4141 162.63632 162.85607 163.07296 163.28656 163.4964 163.70201 163.90288 164.09845 164.28815 164.47138 164.64749 164.81581 164.97566 165.1263 165.267 165.39698 165.51548 165.62171 165.71491 165.79432 165.85921 165.90892 165.94285 165.96048 165.96143 165.94547 165.91255 165.86283
155.62028 155.82252 156.02684 156.23323 156.44166 156.65212 156.86457 157.07899 157.29534 157.51358 157.73366 157.95552 158.17911 158.40436 158.63118 158.85951 159.08924 159.32027 159.5525 159.78579 160.02002 160.25502 160.49066 160.72673 160.96306 161.19944 161.43564 161.67142 161.90651 162.14062 162.37346 162.60468 162.83392 163.06081 163.28493 163.50584 163.72306 163.93608 164.14438 164.34736 164.54444 164.73494 164.91821 165.09351 165.2601 165.41719 165.56396 165.69959 165.82321 165.93395 166.03095 166.11333 166.18029 166.23102 166.26483 166.2811 166.27936 166.25928 166.22078 166.164
155.66195 155.86699 156.07421 156.2836 156.49515 156.70884 156.92464 157.14253 157.36247 157.58442 157.80834 158.03419 158.26189 158.49139 158.72262 158.95549 159.18992 159.42581 159.66304 159.9015 160.14105 160.38154 160.62282 160.86472 161.10703 161.34955 161.59206 161.83431 162.07603 162.31692 162.55669 162.79498 163.03143 163.26564 163.49719 163.72562 163.95043 164.1711 164.38706 164.59771 164.80239 165.00042 165.19108 165.37359 165.54714 165.71088 165.86391 166.0053 166.13411 166.24936 166.35007 166.43524 166.50392 166.55517 166.58816 166.60212 166.59643 166.57066 166.52461 166.45838
155.70144 155.90927 156.11938 156.33178 156.54645 156.76336 156.98251 157.20387 157.42741 157.65309 157.88087 158.11071 158.34255 158.57634 158.812 159.04946 159.28862 159.52941 159.7717 160.01538 160.26033 160.50638 160.7534 161.0012 161.24959 161.49837 161.7473 161.99615 162.24463 162.49246 162.73932 162.98485 163.22869 163.47042 163.70961 163.94578 164.17841 164.40696 164.63084 164.84939 165.06195 165.26778 165.4661 165.65608 165.83684 166.00745 166.16693 166.31426 166.44837 166.56817 166.67253 166.76031 166.8304 166.88169 166.91313 166.92379 166.91285 166.87969 166.82396 166.74561
155.73866 155.94926 156.16227 156.37766 156.59543 156.81558 157.03808 157.26291 157.49005 157.71946 157.95112 158.18497 158.42097 158.65907 158.89919 159.14126 159.38521 159.63094 159.87834 160.12731 160.3777 160.6294 160.88223 161.13602 161.39059 161.64573 161.90121 162.15678 162.41216 162.66707 162.92118 163.17413 163.42554 163.67499 163.92203 164.16617 164.40686 164.64355 164.8756 165.10235 165.32306 165.53697 165.74324 165.94098 166.12923 166.30698 166.47316 166.62663 166.7662 166.89064 166.99865 167.08893 167.16016 167.21101 167.24022 167.24659 167.22905 167.18672 167.119 167.02561
155.77352 155.98689 156.20277 156.42114 156.64202 156.86538 157.09123 157.31953 157.55027 157.78343 158.01896 158.25684 158.49702 158.73944 158.98405 159.23077 159.47953 159.73024 159.98281 160.23711 160.49302 160.75042 161.00914 161.26901 161.52985 161.79145 162.05359 162.31601 162.57844 162.84058 163.1021 163.36265 163.62182 163.87919 164.1343 164.38664 164.63565 164.88073 165.12124 165.35647 165.58564 165.80795 166.02249 166.22831 166.42437 166.60958 166.78275 166.94262 167.08787 167.2171 167.32883 167.42156 167.49373 167.54375 167.57008 167.5712 167.54572 167.49239 167.41027 167.29873
155.80593 156.02205 156.24079 156.46214 156.6861 156.91268 157.14186 157.37363 157.60797 157.84487 158.08429 158.3262 158.57056 158.81733 159.06644 159.31784 159.57144 159.82718 160.08494 160.34462 160.60612 160.86928 161.13396 161.39999 161.6672 161.93537 162.20427 162.47367 162.74328 163.0128 163.2819 163.55021 163.81734 164.08285 164.34626 164.60704 164.86462 165.11838 165.36764 165.61165 165.84962 166.08066 166.30382 166.51809 166.72233 166.91535 167.09586 167.26246 167.41368 167.54793 167.66355 167.75877 167.83178 167.88068 167.90358 167.89858 167.86386 167.79773 167.69875 167.56581
