data/processed_data/bfs/raumluft_4326_int_idw_combined.asc
NCOLS 300
NROWS 300
XLLCORNER 11.5
YLLCORNER 49.3
DX 0.004
DY 0.00367
NODATA_VALUE -9999
[rows 182 to 207 of 300, columns 0 to 59 of 300]
148.93621 148.59912 148.2487 147.88419 147.50475 147.10949 146.69741 146.26744 145.8184 145.34899 144.8578 144.34326 143.80367 143.23711 142.6415 142.01454 141.35368 140.65612 139.91879 139.13831 138.31104 137.43306 136.50021 135.50819 134.45271 133.32973 132.13584 130.8689 129.52882 128.11882 126.64707 125.12875 123.58853 122.06307 120.60277 119.27181 118.1446 117.29779 116.79752 116.68501 116.96508 117.60319 118.53268 119.66987 120.93133 122.24834 123.57662 124.90235 126.24794 127.68224 129.34001 131.44968 134.34195 138.33972 143.35953 148.32219 151.3032 151.07666 148.22573 144.23827
148.743 148.40851 148.06112 147.70012 147.32475 146.93417 146.52746 146.10365 145.66166 145.20032 144.71837 144.2144 143.6869 143.13421 142.55452 141.94586 141.30609 140.63287 139.92371 139.17592 138.38668 137.55306 136.67206 135.7408 134.75663 133.71744 132.62202 131.47061 130.26564 129.01272 127.72184 126.40881 125.09675 123.81734 122.61128 121.52728 120.61873 119.93783 119.52747 119.4128 119.59521 120.05115 120.73684 121.59737 122.57758 123.63198 124.7323 125.87311 127.07661 128.39824 129.93231 131.81054 134.17141 137.06095 140.24985 143.09425 144.73023 144.63458 142.986 140.41158
148.55701 148.22536 147.88128 147.52408 147.15307 146.76748 146.36647 145.94916 145.51457 145.06166 144.58929 144.09624 143.58119 143.0427 142.47923 141.88911 141.27058 140.62175 139.94063 139.22515 138.47321 137.68271 136.85168 135.97836 135.06142 134.1002 133.09509 132.04797 130.96282 129.84646 128.70942 127.56685 126.43936 125.35348 124.3415 123.44012 122.6878 122.12052 121.76663 121.64197 121.74651 122.06416 122.56579 123.21505 123.97532 124.8164 125.72002 126.68392 127.72466 128.87903 130.20177 131.75405 133.57233 135.60913 137.66216 139.35863 140.27625 140.16551 139.08302 137.31184
148.37794 148.04938 147.70884 147.3557 146.98931 146.60897 146.21393 145.80338 145.37646 144.93224 144.46973 143.98785 143.48546 142.96134 142.41421 141.84268 141.24532 140.62064 139.96711 139.28319 138.56741 137.81838 137.03492 136.21619 135.36188 134.4724 133.54921 132.59524 131.61528 130.6166 129.60944 128.60765 127.62899 126.69529 125.83187 125.06641 124.42675 123.93804 123.61946 123.48123 123.52289 123.73338 124.0931 124.57766 125.16242 125.82692 126.55861 127.35539 128.22671 129.19248 130.27812 131.50267 132.85709 134.2743 135.60559 136.63214 137.13179 136.97447 136.17698 134.87568
148.20552 147.88025 147.54346 147.19458 146.83303 146.45815 146.06929 145.66573 145.24668 144.81135 144.35885 143.88828 143.39865 142.88896 142.35812 141.80504 141.22858 140.62758 140.00094 139.34756 138.66648 137.95691 137.2183 136.45054 135.65401 134.82991 133.98038 133.10893 132.22068 131.32279 130.4248 129.53894 128.68025 127.86643 127.11731 126.45376 125.89615 125.4623 125.16543 125.01237 125.00258 125.12838 125.37638 125.72992 126.172 126.6882 127.269 127.91122 128.61794 129.39662 130.25403 131.18737 132.17123 133.14397 134.00197 134.61311 134.85289 134.64841 134.00299 132.98618
148.03946 147.71766 147.3848 147.04036 146.68381 146.31458 145.93207 145.53563 145.1246 144.69826 144.25588 143.79665 143.31979 142.82443 142.30973 141.7748 141.21878 140.64083 140.04015 139.41607 138.76803 138.09569 137.39903 136.67844 135.93483 135.16988 134.38615 133.58736 132.77865 131.96675 131.1603 130.36986 129.608 128.889 128.22834 127.64186 127.14458 126.74932 126.46538 126.29742 126.24496 126.30259 126.46095 126.70835 127.03265 127.4231 127.87177 128.37413 128.92859 129.5345 130.1882 130.87715 131.57284 132.22518 132.76277 133.10318 133.1727 132.92793 132.36771 131.52921
147.87948 147.5613 147.23251 146.89266 146.54126 146.17779 145.80174 145.41254 145.0096 144.59231 144.16004 143.71213 143.24792 142.76672 142.26786 141.75067 141.21451 140.6588 140.08304 139.48685 138.87002 138.23259 137.57489 136.89768 136.20223 135.4905 134.76523 134.03017 133.29021 132.55155 131.82179 131.10997 130.42649 129.78284 129.19112 128.66341 128.21091 127.84296 127.56621 127.38392 127.29564 127.29748 127.3827 127.54281 127.76875 128.05205 128.3856 128.76384 129.18219 129.63532 130.11452 130.60403 131.07751 131.49609 131.81026 131.96682 131.92001 131.6426 131.1321 130.40916
147.72531 147.41087 147.08627 146.75111 146.40495 146.04735 145.67783 145.29591 144.90108 144.49283 144.07062 143.63392 143.18218 142.71487 142.23147 141.73149 141.21451 140.68014 140.12812 139.55833 138.97083 138.36591 137.74419 137.10668 136.45485 135.79079 135.11728 134.43795 133.75732 133.08097 132.41552 131.76861 131.14882 130.56538 130.02777 129.54528 129.12631 128.77776 128.50445 128.30866 128.19 128.14554 128.17026 128.25774 128.4009 128.59271 128.8266 129.09642 129.39595 129.7176 130.05073 130.37959 130.68163 130.92718 131.0814 131.10883 130.97979 130.67642 130.19601 129.55038
147.57667 147.26606 146.94574 146.61536 146.27452 145.92282 145.55987 145.18524 144.7985 144.39922 143.98696 143.56128 143.12176 142.668 142.1996 141.71625 141.21766 140.70365 140.17414 139.62921 139.06911 138.49435 137.90571 137.30436 136.69189 136.07041 135.44263 134.81194 134.18248 133.55918 132.94774 132.3546 131.7868 131.25175 130.75694 130.30952 129.91587 129.58113 129.30881 129.10052 128.95586 128.87254 128.84667 128.87319 128.94633 129.06004 129.20819 129.38447 129.58196 129.79234 130.00477 130.20488 130.37404 130.48964 130.5267 130.46085 130.27209 129.94821 129.48669 128.8944
147.43328 147.12658 146.81062 146.48506 146.14957 145.8038 145.44741 145.08004 144.70132 144.3109 143.90842 143.49354 143.06594 142.62531 142.17141 141.70402 141.223 140.72833 140.22006 139.69843 139.16384 138.61693 138.05861 137.49011 136.91305 136.32951 135.74206 135.15382 134.5685 133.99042 133.42446 132.87601 132.35086 131.85497 131.39426 130.97428 130.5999 130.27497 130.00207 129.78232 129.61528 129.49908 129.43058 129.40563 129.41937 129.4665 129.5413 129.6376 129.74847 129.86566 129.97903 130.07604 130.14153 130.15818 130.10774 129.97296 129.7399 129.39989 128.9507 128.39636
147.2949 146.99216 146.68058 146.35987 146.02975 145.6899 145.34003 144.97985 144.60905 144.22733 143.83443 143.43008 143.01404 142.58612 142.14614 141.69402 141.22973 140.75334 140.26504 139.76517 139.25425 138.73298 138.20235 137.66361 137.11838 136.56861 136.01671 135.46551 134.91831 134.37885 133.8513 133.34017 132.8502 132.38621 131.95288 131.55454 131.19494 130.87697 130.60253 130.37235 130.18597 130.04179 129.93716 129.86859 129.8319 129.82234 129.83468 129.86309 129.90096 129.94061 129.97294 129.98726 129.97131 129.91171 129.79485 129.60821 129.34174 128.98911 128.54836 128.02186
147.16125 146.86251 146.55534 146.23949 145.91471 145.58074 145.23734 144.88425 144.52122 144.14803 143.76447 143.37034 142.96549 142.54978 142.12314 141.68557 141.23713 140.77798 140.3084 139.8288 139.33976 138.84205 138.33667 137.82486 137.30818 136.78846 136.2679 135.74906 135.23482 134.72845 134.23346 133.75363 133.29284 132.855 132.44382 132.06271 131.71454 131.4015 131.12496 130.88538 130.68225 130.51415 130.37881 130.27321 130.19367 130.13597 130.09533 130.06638 130.04306 130.01843 129.98453 129.93237 129.85202 129.73304 129.5651 129.33888 129.04694 128.68452 128.2499 127.74447
147.03211 146.73737 146.43461 146.1236 145.80414 145.47599 145.13895 144.79283 144.43742 144.07255 143.69806 143.31382 142.91973 142.51574 142.10185 141.6781 141.24464 140.8017 140.3496 139.88883 139.42 138.94389 138.46151 137.97404 137.48296 136.98998 136.49708 136.00653 135.52088 135.04292 134.57565 134.1222 133.68577 133.26952 132.87642 132.50914 132.16989 131.86033 131.58143 131.33343 131.1158 130.92723 130.76574 130.62866 130.51274 130.41422 130.32878 130.25157 130.17713 130.09932 130.01131 129.90554 129.77397 129.60835 129.40072 129.14397 128.83249 128.46256 128.03273 127.54375
146.90723 146.6165 146.31813 146.01193 145.69772 145.37531 145.04453 144.70523 144.35725 144.00046 143.63476 143.26006 142.87632 142.48354 142.08177 141.67112 141.25179 140.82404 140.38827 139.94496 139.49475 139.03843 138.57696 138.11149 137.64338 137.17419 136.70572 136.23998 135.77918 135.32571 134.88213 134.45104 134.03507 133.63678 133.25856 132.90248 132.57028 132.26317 131.98185 131.72638 131.49619 131.29011 131.10633 130.94251 130.79574 130.66268 130.53945 130.42174 130.3047 130.18297 130.0507 129.90159 129.72909 129.5266 129.28789 129.00746 128.68092 128.30537 127.87955 127.40381
146.78639 146.49965 146.20564 145.9042 145.59516 145.2784 144.95376 144.62111 144.28036 143.93141 143.57419 143.20867 142.83484 142.45275 142.0625 141.66424 141.2582 140.84468 140.4241 139.99696 139.5639 139.12569 138.68324 138.23765 137.79015 137.34217 136.89532 136.45137 136.01223 135.57997 135.15673 134.74469 134.34602 133.96279 133.5969 133.25001 132.92344 132.61809 132.33442 132.07237 131.83136 131.6103 131.40755 131.22102 131.04814 130.8859 130.73089 130.57926 130.42677 130.26879 130.10032 129.91611 129.71077 129.47901 129.21585 128.91695 128.57886 128.19924 127.77699 127.31225
146.66937 146.3866 146.0969 145.80015 145.49621 145.18497 144.86632 144.54017 144.20643 143.86505 143.51601 143.15929 142.79494 142.42303 142.0437 141.65713 141.26357 140.86336 140.45691 140.04473 139.62745 139.20581 138.78067 138.35304 137.92406 137.49502 137.06734 136.64257 136.2224 135.80856 135.40287 135.00716 134.62321 134.2527 133.89716 133.55788 133.23588 132.93182 132.64597 132.37819 132.12788 131.89403 131.67517 131.4694 131.27444 131.08762 130.90592 130.72596 130.54404 130.35616 130.15807 129.94538 129.71365 129.45856 129.17612 128.86283 128.51595 128.13355 127.71468 127.25932
146.55598 146.27713 145.99169 145.69955 145.40061 145.09478 144.78197 144.46211 144.13516 143.8011 143.45991 143.11163 142.75632 142.39409 142.02509 141.64954 141.2677 140.87991 140.48659 140.08825 139.68549 139.27901 138.86961 138.45824 138.04592 137.63381 137.22317 136.81536 136.41183 136.01407 135.62361 135.24198 134.87065 134.51098 134.16419 133.83131 133.51309 133.21001 132.92222 132.64949 132.39125 132.14653 131.914 131.69196 131.47839 131.27092 131.06687 130.86329 130.65696 130.44445 130.22214 129.98634 129.73337 129.45969 129.16205 128.83761 128.48412 128.10001 127.68444 127.2373
146.44602 146.17104 145.88979 145.60218 145.30813 145.00757 144.70044 144.38669 144.0663 143.73927 143.40562 143.06541 142.71872 142.36567 142.00644 141.64126 141.2704 140.89421 140.51309 140.12754 139.73814 139.34554 138.95049 138.55384 138.15653 137.7596 137.36414 136.97137 136.58251 136.19885 135.82168 135.45227 135.09183 134.74147 134.40218 134.07473 133.75972 133.45745 133.16798 132.89104 132.62606 132.37214 132.12807 131.89234 131.66312 131.43833 131.21561 130.99239 130.76587 130.5331 130.29101 130.03648 129.76644 129.47797 129.16838 128.83536 128.47704 128.09212 127.67985 127.24009
146.33931 146.06814 145.79101 145.50784 145.21856 144.92313 144.62151 144.31367 143.99961 143.67935 143.35292 143.02041 142.68192 142.33758 141.98758 141.63215 141.27158 140.9062 140.53642 140.16271 139.7856 139.40571 139.02374 138.64045 138.2567 137.87339 137.49152 137.11211 136.73624 136.365 135.99949 135.64075 135.2898 134.94752 134.6147 134.29196 133.97972 133.67819 133.38734 133.10686 132.83621 132.57456 132.32079 132.07355 131.83123 131.59198 131.35373 131.11422 130.87104 130.62165 130.36343 130.09375 129.81003 129.50983 129.19093 128.85141 128.48971 128.10473 127.69582 127.2628
146.23568 145.96826 145.69516 145.41632 145.1317 144.84126 144.54498 144.24285 143.93488 143.62112 143.30161 142.97644 142.64574 142.30965 141.96836 141.6221 141.27117 140.91588 140.55663 140.19386 139.82808 139.45985 139.08982 138.71868 138.34719 137.97616 137.60646 137.23899 136.87467 136.51444 136.1592 135.80986 135.46722 135.13202 134.80488 134.48627 134.1765 133.87568 133.58374 133.30035 133.02499 132.75687 132.49501 132.23817 131.98493 131.73364 131.48251 131.22955 130.97268 130.70971 130.4384 130.15651 129.86189 129.55247 129.22639 128.88206 128.51816 128.13376 127.72828 127.30153
146.13498 145.87123 145.60208 145.32747 145.04738 144.76178 144.47066 144.17404 143.87194 143.5644 143.25151 142.93334 142.61004 142.28175 141.94868 141.61105 141.26913 140.92326 140.5738 140.22116 139.86582 139.5083 139.14919 138.78911 138.42874 138.06881 137.71007 137.35329 136.99929 136.64885 136.30275 135.96172 135.62644 135.2975 134.97538 134.66046 134.35294 134.05288 133.76014 133.47441 133.19517 132.92172 132.65315 132.38835 132.12606 131.86483 131.60307 131.33906 131.07099 130.79697 130.51509 130.22344 129.92019 129.60359 129.2721 128.92434 128.55923 128.17594 127.77398 127.35314
146.03705 145.7769 145.5116 145.24112 144.96543 144.68452 144.39839 144.10708 143.81061 143.50905 143.20247 142.89097 142.57469 142.25379 141.92847 141.59894 141.26548 140.9284 140.58803 140.24478 139.89908 139.55142 139.20231 138.85233 138.50208 138.15219 137.80334 137.4562 137.11146 136.76979 136.43184 136.09823 135.76951 135.44615 135.12855 134.81697 134.51156 134.21231 133.91907 133.63151 133.34916 133.07135 132.79727 132.52593 132.2562 131.9868 131.71633 131.4433 131.16614 130.8832 130.59285 130.29347 129.98348 129.66141 129.32593 128.9759 128.61038 128.22867 127.83031 127.4151
145.94175 145.68513 145.42359 145.15712 144.88569 144.60932 144.32802 144.04182 143.75076 143.45492 143.15436 142.84922 142.53961 142.2257 141.90768 141.58578 141.26024 140.93136 140.59947 140.26492 139.92814 139.58954 139.24962 138.90888 138.56785 138.22711 137.88722 137.54879 137.2124 136.87862 136.548 136.22105 135.89823 135.57992 135.26642 134.95792 134.65452 134.35617 134.06269 133.77378 133.48898 133.20769 132.92915 132.65249 132.37669 132.10065 131.82311 131.54279 131.2583 130.96824 130.67119 130.36575 130.05059 129.72444 129.38619 129.03484 128.66959 128.28983 127.89516 127.48538
145.84896 145.59578 145.33791 145.07533 144.80805 144.53607 144.25942 143.97814 143.69227 143.4019 143.1071 142.80799 142.50472 142.19742 141.8863 141.57156 141.25345 140.93224 140.60824 140.28178 139.95325 139.62303 139.29156 138.95929 138.6267 138.29429 137.96257 137.63204 137.30321 136.97657 136.65259 136.33167 136.0142 135.70048 135.39075 135.08514 134.78369 134.48633 134.19289 133.90305 133.6164 133.33236 133.05028 132.76936 132.4887 132.20731 131.92411 131.63795 131.34764 131.05196 130.74968 130.43961 130.12059 129.79154 129.4515 129.09962 128.73521 128.35773 127.96683 127.56232
145.75856 145.50873 145.25443 144.99564 144.73237 144.46464 144.19247 143.91592 143.63503 143.34989 143.06059 142.76723 142.46996 142.16892 141.8643 141.55631 141.24517 140.93113 140.6145 140.29557 139.97468 139.65221 139.32853 139.00406 138.67922 138.35444 138.03017 137.70685 137.38491 137.06477 136.74682 136.4314 136.11883 135.80934 135.5031 135.20022 134.9007 134.60445 134.31128 134.0209 133.73291 133.4468 133.16197 132.8777 132.5932 132.30759 132.01991 131.72917 131.43431 131.13429 130.82804 130.51452 130.19273 129.86176 129.52077 129.16902 128.80593 128.43101 128.04395 127.64458
145.67043 145.42388 145.17304 144.91793 144.65854 144.39491 144.12707 143.85506 143.57895 143.29882 143.01475 142.72687 142.4353 142.14019 141.84171 141.54007 141.23547 140.92816 140.61841 140.30649 139.99271 139.67742 139.36094 139.04366 138.72594 138.40818 138.09074 137.77402 137.4584 137.14421 136.83179 136.52142 136.21336 135.90779 135.60484 135.30457 135.00697 134.71193 134.41926 134.12869 133.83983 133.55224 133.26535 132.97853 132.69107 132.40219 132.11106 131.81679 131.51848 131.21519 130.90602 130.59004 130.26642 129.93435 129.5931 129.24205 128.88067 128.50855 128.1254 127.73105
