data/processed_data/bfs/raumluft_4326_int_idw_ke.asc
NCOLS 300
NROWS 300
XLLCORNER 11.5
YLLCORNER 49.3
DX 0.004
DY 0.00367
NODATA_VALUE -9999
[rows 260 to 285 of 300, columns 0 to 59 of 300]
184.25918 184.05071 183.8407 183.62916 183.4161 183.20153 182.98545 182.76787 182.5488 182.32824 182.1062 181.88269 181.65772 181.43129 181.20342 180.9741 180.74335 180.51118 180.27759 180.04258 179.80618 179.56838 179.32919 179.08862 178.84668 178.60337 178.35871 178.1127 177.86535 177.61667 177.36667 177.11535 176.86273 176.60882 176.35362 176.09716 175.83943 175.58046 175.32025 175.05882 174.7962 174.53238 174.2674 174.00127 173.73401 173.46564 173.19619 172.92569 172.65415 172.38161 172.1081 171.83365 171.5583 171.28208 171.00503 170.72719 170.4486 170.16931 169.88937 169.60882
184.20852 184.00146 183.79289 183.58281 183.37124 183.15817 182.94363 182.72761 182.51011 182.29116 182.07075 181.8489 181.6256 181.40088 181.17473 180.94716 180.71819 180.48781 180.25604 180.02288 179.78835 179.55245 179.31519 179.07657 178.8366 178.5953 178.35268 178.10873 177.86347 177.61691 177.36905 177.11992 176.86951 176.61784 176.36492 176.11076 175.85538 175.59879 175.341 175.08202 174.82189 174.5606 174.29819 174.03466 173.77005 173.50437 173.23765 172.96992 172.70119 172.43151 172.16089 171.88938 171.61701 171.34381 171.06983 170.79509 170.51965 170.24355 169.96684 169.68956
184.15905 183.95339 183.74625 183.53762 183.32752 183.11596 182.90293 182.68846 182.47254 182.25517 182.03638 181.81617 181.59454 181.3715 181.14706 180.92123 180.69402 180.46543 180.23547 180.00414 179.77147 179.53745 179.3021 179.06542 178.82742 178.58811 178.3475 178.1056 177.86241 177.61796 177.37223 177.12526 176.87705 176.62761 176.37695 176.12508 175.87203 175.61779 175.3624 175.10586 174.84819 174.58941 174.32954 174.06859 173.8066 173.54358 173.27956 173.01456 172.74862 172.48175 172.214 171.94539 171.67596 171.40574 171.13478 170.8631 170.59076 170.3178 170.04426 169.7702
184.11077 183.9065 183.70077 183.49358 183.28495 183.07487 182.86336 182.65041 182.43605 182.22027 182.00308 181.78449 181.56451 181.34315 181.12041 180.89631 180.67084 180.44402 180.21585 179.98635 179.75553 179.52338 179.28992 179.05517 178.81912 178.58178 178.34318 178.10331 177.86218 177.61981 177.37621 177.13139 176.88535 176.63812 176.3897 176.14011 175.88936 175.63747 175.38445 175.13032 174.87509 174.61879 174.36144 174.10305 173.84365 173.58326 173.32191 173.05962 172.79642 172.53234 172.26741 172.00166 171.73513 171.46785 171.19987 170.93121 170.66193 170.39206 170.12164 169.85074
184.06365 183.86076 183.65644 183.45068 183.2435 183.03489 182.82488 182.61346 182.40064 182.18643 181.97083 181.75386 181.53552 181.31582 181.09477 180.87237 180.64864 180.42358 180.1972 179.9695 179.74051 179.51022 179.27865 179.0458 178.81168 178.57631 178.3397 178.10184 177.86276 177.62246 177.38096 177.13827 176.8944 176.64936 176.40316 176.15583 175.90737 175.65779 175.40713 175.15538 174.90258 174.64874 174.39388 174.13802 173.88118 173.6234 173.36468 173.10507 172.84458 172.58325 172.32111 172.05819 171.79452 171.53014 171.26509 170.99941 170.73313 170.4663 170.19897 169.93118
184.01769 183.81617 183.61324 183.4089 183.20316 182.99602 182.78749 182.57758 182.3663 182.15364 181.93963 181.72426 181.50755 181.2895 181.07012 180.84942 180.62741 180.40409 180.17948 179.95358 179.72641 179.49796 179.26826 179.03731 178.80511 178.57169 178.33705 178.10119 177.86414 177.6259 177.38649 177.14591 176.90418 176.66132 176.41733 176.17223 175.92603 175.67876 175.43043 175.18105 174.93065 174.67924 174.42685 174.17349 173.91919 173.66398 173.40787 173.1509 172.89309 172.63448 172.37509 172.11496 171.85411 171.5926 171.33044 171.06769 170.80437 170.54054 170.27624 170.01151
183.97287 183.77271 183.57117 183.36824 183.16392 182.95824 182.75119 182.54277 182.33301 182.1219 181.90946 181.69568 181.48058 181.26417 181.04646 180.82744 180.60714 180.38556 180.1627 179.93859 179.71322 179.4866 179.25875 179.02968 178.7994 178.5679 178.33522 178.10135 177.86632 177.63012 177.39277 177.15429 176.91469 176.67398 176.43218 176.18929 175.94535 175.70036 175.45433 175.2073 174.95927 174.71027 174.46032 174.20944 173.95766 173.70499 173.45146 173.1971 172.94194 172.68601 172.42934 172.17196 171.9139 171.65521 171.3959 171.13604 170.87565 170.61477 170.35345 170.09173
183.92917 183.73037 183.5302 183.32867 183.12577 182.92153 182.71595 182.50902 182.30077 182.0912 181.88031 181.66811 181.45462 181.23983 181.02376 180.80642 180.58782 180.36795 180.14684 179.9245 179.70092 179.47612 179.25012 179.02291 178.79452 178.56494 178.33421 178.10231 177.86927 177.6351 177.3998 177.16341 176.92591 176.68734 176.44771 176.20702 175.9653 175.72257 175.47884 175.23412 174.98845 174.74184 174.4943 174.24587 173.99657 173.74641 173.49544 173.24366 172.99112 172.73784 172.48385 172.22919 171.97388 171.71796 171.46148 171.20446 170.94694 170.68897 170.43059 170.17184
183.88659 183.68913 183.49033 183.29018 183.0887 182.88589 182.68176 182.47631 182.26956 182.06151 181.85217 181.64154 181.42964 181.21647 181.00204 180.78636 180.56943 180.35128 180.1319 179.91131 179.68951 179.46652 179.24234 179.01699 178.79047 178.5628 178.33399 178.10405 177.87299 177.64083 177.40757 177.17324 176.93784 176.70139 176.4639 176.22539 175.98588 175.74539 175.50392 175.26151 175.01817 174.77391 174.52877 174.28276 174.03592 173.78825 173.53979 173.29057 173.04062 172.78995 172.53861 172.28663 172.03403 171.78086 171.52715 171.27293 171.01825 170.76315 170.50766 170.25184
183.84511 183.64898 183.45154 183.25277 183.05269 182.8513 182.64861 182.44464 182.23937 182.03284 181.82503 181.61596 181.40563 181.19407 180.98126 180.76723 180.55198 180.33552 180.11786 179.899 179.67897 179.45777 179.23541 179.01189 178.78724 178.56146 178.33457 178.10657 177.87747 177.6473 177.41607 177.18378 176.95045 176.7161 176.48075 176.2444 176.00708 175.7688 175.52958 175.28944 175.04841 174.80649 174.56372 174.32011 174.07569 173.83048 173.58452 173.33782 173.09042 172.84234 172.59361 172.34427 172.09435 171.84389 171.59291 171.34146 171.08958 170.8373 170.58466 170.33171
183.80471 183.60991 183.41381 183.21641 183.01772 182.81775 182.6165 182.41398 182.2102 182.00516 181.79887 181.59135 181.38259 181.17262 180.96142 180.74903 180.53544 180.32066 180.1047 179.88758 179.6693 179.44987 179.22931 179.00762 178.78482 178.56091 178.33592 178.10984 177.8827 177.65451 177.42528 177.19502 176.96375 176.73148 176.49824 176.26403 176.02888 175.79279 175.5558 175.31792 175.07916 174.83956 174.59913 174.35789 174.11587 173.8731 173.6296 173.38539 173.14051 172.89498 172.64884 172.40211 172.15484 171.90704 171.65877 171.41004 171.16091 170.91141 170.66158 170.41147
183.76539 183.57191 183.37715 183.18111 182.9838 182.78523 182.5854 182.38433 182.18201 181.97846 181.77369 181.5677 181.3605 181.15211 180.94252 180.73174 180.5198 180.30669 180.09243 179.87702 179.66048 179.44282 179.22404 179.00416 178.7832 178.56115 178.33804 178.11387 177.88867 177.66243 177.43519 177.20694 176.97771 176.74751 176.51636 176.28427 176.05126 175.81736 175.58257 175.34691 175.11042 174.8731 174.63499 174.3961 174.15646 173.91609 173.67502 173.43328 173.19089 172.94788 172.70429 172.46014 172.21547 171.97031 171.7247 171.47866 171.23225 170.98549 170.73843 170.4911
183.72713 183.53495 183.34152 183.14683 182.95089 182.75372 182.55531 182.35567 182.15481 181.95274 181.74947 181.54501 181.33935 181.13252 180.92452 180.71537 180.50505 180.2936 180.08102 179.86732 179.6525 179.43659 179.21959 179.00151 178.78236 178.56216 178.34091 178.11864 177.89535 177.67106 177.44579 177.21954 176.99233 176.76417 176.5351 176.30511 176.07423 175.84248 175.60987 175.37643 175.14217 174.90712 174.6713 174.43473 174.19744 173.95945 173.72078 173.48147 173.24155 173.00103 172.75995 172.51835 172.27625 172.03369 171.7907 171.54732 171.30358 171.05952 170.81518 170.57061
183.68991 183.49904 183.30692 183.11357 182.919 182.72321 182.5262 182.32799 182.12858 181.92798 181.7262 181.52325 181.31913 181.11386 180.90744 180.69988 180.49119 180.28138 180.07047 179.85846 179.64535 179.43118 179.21593 178.99963 178.78229 178.56392 178.34453 178.12414 177.90275 177.68039 177.45707 177.23279 177.00759 176.78146 176.55444 176.32653 176.09776 175.86814 175.63769 175.40644 175.1744 174.94159 174.70804 174.47376 174.23879 174.00315 173.76687 173.52996 173.29247 173.05441 172.81582 172.57673 172.33717 172.09717 171.85677 171.616 171.3749 171.13351 170.89186 170.64999
183.65373 183.46414 183.27334 183.08133 182.8881 182.69369 182.49808 182.30128 182.10331 181.90417 181.70387 181.50242 181.29983 181.0961 180.89124 180.68527 180.47819 180.27002 180.06076 179.85042 179.63902 179.42657 179.21307 178.99854 178.78299 178.56643 178.34888 178.13035 177.91086 177.6904 177.46901 177.2467 177.02348 176.79937 176.57438 176.34853 176.12185 175.89434 175.66603 175.43694 175.20709 174.9765 174.74519 174.51319 174.28052 174.0472 173.81327 173.57874 173.34364 173.10801 172.87188 172.63527 172.39821 172.16074 171.9229 171.68471 171.44621 171.20744 170.96844 170.72924
183.61856 183.43026 183.24076 183.05007 182.85819 182.66514 182.47091 182.27553 182.07898 181.88129 181.68246 181.4825 181.28142 181.07923 180.87593 180.67153 180.46606 180.2595 180.05188 179.84321 179.6335 179.42275 179.21098 178.99821 178.78444 178.56968 178.35396 178.13727 177.91965 177.70109 177.48162 177.26125 177.03999 176.81787 176.5949 176.3711 176.14648 175.92107 175.69488 175.46793 175.24025 175.01185 174.78276 174.553 174.3226 174.09158 173.85997 173.62779 173.39507 173.16184 172.92813 172.69396 172.45938 172.22441 171.98908 171.75343 171.5175 171.28132 171.04493 170.80836
183.5844 183.39737 183.20917 183.01979 182.82925 182.63755 182.44471 182.25072 182.05559 181.85934 181.66197 181.46349 181.26391 181.06324 180.86148 180.65865 180.45476 180.24982 180.04383 179.83681 179.62877 179.41972 179.20967 178.99863 178.78662 178.57365 178.35974 178.14488 177.92911 177.71243 177.49486 177.27642 177.05712 176.83697 176.616 176.39422 176.17164 175.9483 175.72421 175.49938 175.27384 175.04762 174.82073 174.59319 174.36504 174.13629 173.90697 173.67711 173.44673 173.21587 172.98455 172.7528 172.52066 172.28815 172.05531 171.82217 171.58877 171.35514 171.12132 170.88734
183.55123 183.36547 183.17855 182.99048 182.80127 182.61092 182.41944 182.22683 182.03312 181.83829 181.64237 181.44536 181.24727 181.04811 180.84789 180.64661 180.4443 180.24095 180.03658 179.8312 179.62482 179.41745 179.2091 178.99979 178.78953 178.57834 178.36621 178.15318 177.93924 177.72443 177.50874 177.29221 177.07484 176.85664 176.63765 176.41787 176.19733 175.97604 175.75402 175.53129 175.30788 175.0838 174.85908 174.63374 174.40781 174.1813 173.95425 173.72668 173.49862 173.2701 173.04115 172.81178 172.58205 172.35197 172.12158 171.89092 171.66001 171.4289 171.19761 170.96619
183.51904 183.33454 183.1489 182.96212 182.77423 182.58522 182.39509 182.20387 182.01155 181.81815 181.62367 181.42811 181.2315 181.03384 180.83514 180.63541 180.43465 180.23289 180.03012 179.82637 179.62164 179.41594 179.20928 179.00169 178.79316 178.58372 178.37337 178.16214 177.95003 177.73706 177.52324 177.3086 177.09314 176.87689 176.65985 176.44206 176.22352 176.00426 175.7843 175.56365 175.34234 175.12038 174.89781 174.67464 174.4509 174.22662 174.00181 173.77651 173.55074 173.32453 173.0979 172.8709 172.64354 172.41586 172.18789 171.95967 171.73122 171.50259 171.2738 171.0449
183.48781 183.30456 183.12019 182.93471 182.74812 182.56044 182.37166 182.18181 181.99088 181.79888 181.60583 181.41173 181.21659 181.02042 180.82323 180.62502 180.42582 180.22563 180.02445 179.82231 179.61921 179.41517 179.21019 179.0043 178.79749 178.58979 178.38121 178.17176 177.96145 177.75031 177.53835 177.32558 177.11202 176.89768 176.68259 176.46676 176.25021 176.03296 175.81503 175.59644 175.37721 175.15736 174.93691 174.71589 174.49432 174.27223 174.04964 173.82657 173.60306 173.37914 173.15482 172.93014 172.70513 172.47981 172.25424 172.02842 171.8024 171.57621 171.34989 171.12347
183.45754 183.27553 183.09242 182.90822 182.72293 182.53657 182.34914 182.16064 181.97109 181.78049 181.58886 181.3962 181.20251 181.00782 180.81213 180.61544 180.41778 180.21915 180.01955 179.81901 179.61754 179.41514 179.21182 179.00761 178.80251 178.59654 178.3897 178.18202 177.97351 177.76418 177.55406 177.34314 177.13146 176.91903 176.70586 176.49197 176.27739 176.06213 175.84621 175.62966 175.41248 175.19471 174.97636 174.75747 174.53805 174.31812 174.09772 173.87687 173.65559 173.43392 173.21188 172.98949 172.7668 172.54383 172.3206 172.09716 171.87354 171.64977 171.42587 171.2019
183.42821 183.24743 183.06557 182.88265 182.69865 182.5136 182.3275 182.14035 181.95217 181.76296 181.57274 181.3815 181.18927 180.99604 180.80184 180.60666 180.41052 180.21344 180.01541 179.81646 179.61659 179.41582 179.21416 179.01162 178.80821 178.60395 178.39885 178.19292 177.98619 177.77866 177.57035 177.36127 177.15145 176.9409 176.72964 176.51768 176.30505 176.09176 175.87783 175.66329 175.44815 175.23243 175.01617 174.79937 174.58207 174.36429 174.14606 173.92739 173.70832 173.48887 173.26908 173.04896 172.82856 172.60789 172.38699 172.1659 171.94463 171.72324 171.50175 171.28019
183.3998 183.22025 183.03964 182.85797 182.67526 182.49151 182.30673 182.12093 181.9341 181.74628 181.55745 181.36763 181.17684 180.98507 180.79234 180.59866 180.40404 180.20849 180.01202 179.81465 179.61637 179.41722 179.21719 179.0163 178.81457 178.61201 178.40863 178.20444 177.99947 177.79372 177.58721 177.37996 177.17198 176.9633 176.75392 176.54387 176.33317 176.12183 175.90987 175.69732 175.4842 175.27052 175.05631 174.84159 174.62639 174.41073 174.19463 173.97812 173.76123 173.54399 173.32641 173.10854 172.89039 172.672 172.45339 172.23461 172.01568 171.79664 171.57751 171.35833
183.3723 183.19397 183.0146 182.83419 182.65275 182.4703 182.28683 182.10235 181.91688 181.73043 181.54299 181.35458 181.16521 180.97489 180.78362 180.59143 180.39831 180.20429 180.00936 179.81355 179.61686 179.41931 179.22091 179.02166 178.82159 178.62071 178.41904 178.21658 178.01334 177.80936 177.60464 177.39919 177.19305 176.98621 176.7787 176.57054 176.36174 176.15233 175.94233 175.73175 175.52062 175.30895 175.09678 174.88411 174.67099 174.45742 174.24344 174.02907 173.81433 173.59926 173.38387 173.16821 172.95229 172.73615 172.51981 172.30331 172.08668 171.86995 171.65315 171.43632
183.3457 183.16858 182.99044 182.81128 182.63111 182.44994 182.26778 182.08462 181.9005 181.7154 181.52934 181.34233 181.15437 180.96549 180.77568 180.58496 180.39333 180.20082 180.00743 179.81317 179.61805 179.42209 179.22529 179.02768 178.82926 178.63005 178.43006 178.22931 178.02781 177.82557 177.62262 177.41896 177.21462 177.00962 176.80396 176.59767 176.39076 176.18326 175.97519 175.76656 175.5574 175.34773 175.13756 174.92693 174.71586 174.50436 174.29247 174.0802 173.8676 173.65467 173.44145 173.22797 173.01425 172.80033 172.58623 172.37198 172.15762 171.94317 171.72868 171.51416
183.31999 183.14407 182.96715 182.78923 182.61032 182.43043 182.24956 182.06772 181.88493 181.70118 181.51649 181.33086 181.14432 180.95685 180.76849 180.57923 180.38909 180.19808 180.0062 179.81348 179.61992 179.42554 179.23034 179.03434 178.83756 178.64 178.44169 178.24263 178.04284 177.84234 177.64114 177.43925 177.23671 177.03351 176.82969 176.62525 176.42021 176.21461 176.00845 175.80175 175.59454 175.38683 175.17866 174.97004 174.76099 174.55154 174.34171 174.13153 173.92103 173.71022 173.49914 173.28782 173.07627 172.86454 172.65265 172.44062 172.2285 172.01631 171.80408 171.59185
