data/processed_data/bfs/raumluft_4326_int_idw_1g.asc
NCOLS 300
NROWS 300
XLLCORNER 11.5
YLLCORNER 49.3
DX 0.004
DY 0.00367
NODATA_VALUE -9999
[rows 52 to 77 of 300, columns 0 to 59 of 300]
155.83581 156.05466 156.27623 156.50054 156.72758 156.95735 157.18985 157.42508 157.66302 157.90366 158.14696 158.39291 158.64147 158.89259 159.14622 159.40231 159.66079 159.92158 160.18458 160.44969 160.71681 160.9858 161.25651 161.52879 161.80244 162.07728 162.35306 162.62956 162.90648 163.18353 163.46037 163.73664 164.01192 164.28577 164.5577 164.82717 165.0936 165.35632 165.61464 165.86778 166.11489 166.35503 166.58721 166.81032 167.02315 167.22441 167.41267 167.58641 167.74397 167.88359 168.00334 168.10123 168.1751 168.22272 168.24178 168.22992 168.1848 168.10415 167.9859 167.82827
155.86307 156.08462 156.30901 156.53624 156.76634 156.99929 157.23511 157.47378 157.71531 157.95967 158.20686 158.45684 158.70959 158.96508 159.22325 159.48405 159.74742 160.01328 160.28155 160.55214 160.82494 161.09981 161.37661 161.6552 161.93539 162.21698 162.49976 162.78347 163.06784 163.35256 163.63731 163.9217 164.20533 164.48775 164.76844 165.04687 165.32241 165.5944 165.86211 166.12472 166.38134 166.63099 166.87261 167.105 167.32689 167.53686 167.73337 167.91473 168.07911 168.22453 168.34883 168.44968 168.52461 168.57098 168.58599 168.56674 168.51025 168.41357 168.27379 168.08827
155.8876 156.11183 156.33901 156.56915 156.80228 157.03839 157.2775 157.5196 157.7647 158.01278 158.26384 158.51785 158.7748 159.03465 159.29736 159.56288 159.83115 160.10212 160.3757 160.65179 160.9303 161.2111 161.49407 161.77904 162.06584 162.35428 162.64415 162.93518 163.22713 163.51968 163.81249 164.10519 164.39737 164.68856 164.97826 165.2659 165.55085 165.83242 166.10986 166.38231 166.64884 166.90843 167.15994 167.40212 167.63358 167.85281 168.05813 168.24769 168.41948 168.57128 168.70066 168.80497 168.88136 168.92671 168.93771 168.91081 168.84231 168.72836 168.5651 168.34874
155.90933 156.1362 156.36614 156.59917 156.83529 157.07454 157.31691 157.56242 157.81107 158.06286 158.31777 158.57581 158.83694 159.10115 159.3684 159.63864 159.91184 160.18793 160.46683 160.74846 161.03272 161.3195 161.60867 161.90009 162.19358 162.48895 162.786 163.08448 163.38413 163.68464 163.98567 164.28686 164.58779 164.88798 165.18692 165.48404 165.77869 166.07017 166.35769 166.64037 166.91725 167.18723 167.44913 167.70163 167.94324 168.17234 168.38712 168.58557 168.76546 168.92436 169.05953 169.168 169.24647 169.29134 169.29868 169.26424 169.18345 169.05145 168.8632 168.61351
155.92815 156.15763 156.3903 156.62617 156.86527 157.10762 157.35324 157.60213 157.8543 158.10977 158.36852 158.63056 158.89587 159.16443 159.43621 159.71119 159.98931 160.27052 160.55476 160.84195 161.13199 161.42479 161.72022 162.01814 162.31838 162.62077 162.9251 163.23113 163.53859 163.8472 164.15661 164.46646 164.77633 165.08573 165.39417 165.70104 166.0057 166.30742 166.60539 166.8987 167.18636 167.46723 167.74006 168.00345 168.25585 168.4955 168.72048 168.92859 169.11744 169.2843 169.42618 169.53971 169.62116 169.66638 169.6708 169.62935 169.53652 169.38627 169.17216 168.88736
155.94397 156.17603 156.41139 156.65007 156.89211 157.13753 157.38635 157.63858 157.89426 158.15338 158.41595 158.68196 158.95143 159.22432 159.50063 159.78033 160.06337 160.34972 160.6393 160.93207 161.22792 161.52677 161.82849 162.13296 162.44002 162.74949 163.06118 163.37486 163.69026 164.0071 164.32504 164.64372 164.96271 165.28156 165.59972 165.91662 166.23159 166.54388 166.85268 167.15706 167.45596 167.74823 168.03256 168.30748 168.57134 168.82231 169.0583 169.27699 169.47574 169.65162 169.8013 169.92105 170.00667 170.05346 170.05611 170.00873 169.90471 169.73673 169.49676 169.176
155.95671 156.1913 156.4293 156.67075 156.91569 157.16413 157.41612 157.67167 157.93081 158.19355 158.4599 158.72988 159.00347 159.28068 159.5615 159.8459 160.13386 160.42533 160.72027 161.01862 161.3203 161.62521 161.93327 162.24433 162.55826 162.87488 163.19401 163.51542 163.83887 164.16406 164.49067 164.81834 165.14666 165.47515 165.80329 166.13048 166.45606 166.77928 167.0993 167.41516 167.72579 168.03 168.32643 168.61354 168.88962 169.15272 169.40064 169.63089 169.84066 170.02676 170.18555 170.31294 170.40426 170.4542 170.45675 170.40508 170.29146 170.10716 169.84235 169.48607
155.96626 156.20333 156.44393 156.68811 156.93589 157.18733 157.44244 157.70127 157.96383 158.23015 158.50025 158.77414 159.05184 159.33334 159.61864 159.90773 160.20058 160.49717 160.79746 161.10139 161.4089 161.71991 162.03431 162.352 162.67284 162.99667 163.32331 163.65254 163.98412 164.31779 164.65321 164.99003 165.32785 165.66619 166.00454 166.3423 166.6788 167.01329 167.34491 167.6727 167.99556 168.31226 168.62141 168.92142 169.2105 169.48662 169.74746 169.99039 170.21241 170.41009 170.57953 170.71625 170.81511 170.87023 170.87484 170.8212 170.70038 170.50215 170.2148 169.82496
155.97253 156.21203 156.45518 156.70203 156.95262 157.20699 157.46518 157.72723 157.99317 158.26303 158.53684 158.81462 159.09638 159.38213 159.67188 159.96563 160.26336 160.56505 160.87067 161.18018 161.49352 161.81062 162.13139 162.45573 162.78351 163.11459 163.4488 163.78592 164.12574 164.46798 164.81233 165.15845 165.50594 165.85434 166.20312 166.55171 166.89943 167.24553 167.58915 167.92931 168.2649 168.59467 168.91719 169.23083 169.53374 169.82382 170.09864 170.35545 170.59107 170.80189 170.9837 171.13169 171.24029 171.30303 171.31244 171.25982 171.13508 170.92646 170.62027 170.2006
155.97543 156.2173 156.46295 156.71242 156.96576 157.22301 157.48423 157.74945 158.01872 158.29207 158.56953 158.85114 159.13692 159.42689 159.72105 160.01942 160.322 160.62876 160.93969 161.25476 161.57392 161.89711 162.22425 162.55526 162.89001 163.22838 163.5702 163.91528 164.2634 164.61431 164.96772 165.32327 165.68059 166.03922 166.39867 166.75834 167.11758 167.47562 167.83162 168.18459 168.53342 168.87683 169.21338 169.54141 169.85902 170.16403 170.45396 170.72593 170.97664 171.20226 171.39837 171.55983 171.68067 171.75391 171.77137 171.7235 171.59904 171.38474 171.06495 170.62118
155.97485 156.21905 156.46713 156.71916 156.97518 157.23526 157.49944 157.76778 158.04032 158.3171 158.59817 158.88356 159.17331 159.46744 159.76597 160.06892 160.3763 160.6881 161.00431 161.32492 161.64988 161.97914 162.31265 162.65033 162.99207 163.33774 163.68721 164.0403 164.39679 164.75645 165.119 165.48412 165.85141 166.22047 166.59077 166.96177 167.3328 167.70312 168.07187 168.43809 168.80066 169.15829 169.50954 169.85271 170.18589 170.50686 170.81306 171.10155 171.3689 171.61113 171.82363 172.00099 172.13689 172.22388 172.2532 172.21447 172.09539 171.8813 171.55472 171.09468
155.97072 156.21717 156.46762 156.72214 156.98079 157.24363 157.51071 157.7821 158.05784 158.338 158.62261 158.91172 159.20538 159.50361 159.80646 160.11394 160.42607 160.74286 161.06432 161.39042 161.72115 162.05647 162.39633 162.74067 163.08939 163.44238 163.79952 164.16065 164.52557 164.89405 165.26583 165.64061 166.01802 166.39765 166.77901 167.16155 167.54464 167.92754 168.30942 168.6893 169.06609 169.43852 169.80511 170.1642 170.51384 170.8518 171.17548 171.48187 171.76748 172.02823 172.25934 172.4552 172.60922 172.71357 172.75899 172.73443 172.62668 172.41986 172.09482 171.6284
155.96293 156.21156 156.46431 156.72126 156.98246 157.24799 157.5179 157.79227 158.07115 158.35461 158.64269 158.93546 159.23296 159.53524 159.84233 160.15428 160.47111 160.79284 161.11948 161.45104 161.7875 162.12884 162.47502 162.82599 163.18168 163.542 163.90682 164.27601 164.64938 165.02674 165.40782 165.79236 166.17999 166.57033 166.96291 167.35721 167.7526 168.14837 168.54371 168.93767 169.32915 169.71691 170.09951 170.47526 170.84223 171.1982 171.54055 171.86626 172.1718 172.45301 172.70505 172.92216 173.09755 173.22315 173.28931 173.28447 173.19471 173.00319 172.68944 172.22842
155.95138 156.20213 156.45711 156.71641 156.98009 157.24823 157.5209 157.79817 158.08011 158.36679 158.65828 158.95462 159.25589 159.56214 159.87341 160.18976 160.51122 160.83782 161.16959 161.50654 161.84868 162.19599 162.54845 162.90603 163.26866 163.63628 164.00877 164.38602 164.76787 165.15413 165.54458 165.93893 166.33688 166.73806 167.14201 167.54824 167.95615 168.36506 168.77417 169.18257 169.58919 169.99281 170.39201 170.78514 171.17031 171.54528 171.90749 172.25392 172.58104 172.8847 173.16 173.40117 173.60131 173.7522 173.844 173.86482 173.80029 173.63291 173.34127 172.89905
155.936 156.18878 156.44591 156.70748 156.97356 157.24423 157.51957 157.79967 158.08459 158.37441 158.66921 158.96905 159.27401 159.58414 159.89951 160.22018 160.54619 160.8776 161.21442 161.5567 161.90444 162.25767 162.61635 162.98048 163.35002 163.7249 164.10505 164.49035 164.88067 165.27585 165.67568 166.07991 166.48825 166.90034 167.31579 167.73411 168.15473 168.57701 169.00017 169.42335 169.84551 170.26547 170.68185 171.09304 171.49719 171.89214 172.27534 172.64383 172.99415 173.32218 173.62308 173.89111 174.11938 174.2997 174.42215 174.47479 174.44305 174.30915 174.05125 173.64232
155.91668 156.17141 156.43061 156.69436 156.96275 157.23587 157.5138 157.79663 158.08444 158.37731 158.67534 158.97858 159.28714 159.60107 159.92045 160.24535 160.57583 160.91194 161.25374 161.60126 161.95454 162.3136 162.67844 163.04906 163.42544 163.80754 164.19529 164.58861 164.98739 165.39148 165.8007 166.21483 166.6336 167.05669 167.48372 167.91425 168.34774 168.78358 169.22104 169.65929 170.09735 170.53408 170.96815 171.39802 171.8219 172.23769 172.64294 173.03478 173.40982 173.76407 174.09281 174.3904 174.65013 174.86392 175.02202 175.11262 175.12131 175.03042 174.81818 174.45758
155.89334 156.14993 156.41111 156.67695 156.94757 157.22304 157.50346 157.78893 158.07953 158.37536 158.67651 158.98306 159.29511 159.61274 159.93604 160.26507 160.59992 160.94064 161.28732 161.63999 161.99872 162.36352 162.73443 163.11147 163.49462 163.88386 164.27916 164.68045 165.08764 165.50061 165.91921 166.34323 166.77245 167.20657 167.64525 168.08808 168.53455 168.98411 169.43607 169.88964 170.34389 170.79775 171.24996 171.69906 172.14332 172.58076 173.00901 173.42535 173.82651 174.20868 174.56732 174.89702 175.19132 175.44242 175.64094 175.77545 175.83198 175.79342 175.63859 175.34125
155.86589 156.12425 156.38731 156.65516 156.92789 157.20562 157.48843 157.77644 158.06973 158.36841 158.67258 158.98233 159.29777 159.61899 159.94609 160.27914 160.61825 160.96349 161.31493 161.67265 162.03671 162.40716 162.78405 163.1674 163.55722 163.95353 164.3563 164.76549 165.18103 165.60282 166.03075 166.46464 166.90429 167.34945 167.7998 168.25497 168.71451 169.1779 169.64449 170.11357 170.58426 171.05556 171.52628 171.99505 172.46025 172.92 173.37208 173.81391 174.24242 174.65401 175.0444 175.40848 175.74015 176.03208 176.27538 176.45927 176.57055 176.59303 176.50669 176.2867
155.83423 156.09427 156.35911 156.62886 156.90362 157.1835 157.4686 157.75903 158.0549 158.35632 158.66339 158.97624 159.29495 159.61964 159.95042 160.28738 160.63063 160.98025 161.33634 161.69899 162.06827 162.44425 162.82699 163.21654 163.61294 164.01621 164.42634 164.84333 165.26713 165.69767 166.13486 166.57857 167.02861 167.48477 167.94678 168.41431 168.88694 169.36421 169.84554 170.33025 170.81755 171.30651 171.79602 172.28481 172.77138 173.25398 173.73055 174.19868 174.65555 175.09779 175.52146 175.92184 176.29328 176.62903 176.9209 177.15896 177.33107 177.42233 177.41436 177.28435
155.79829 156.05991 156.32643 156.59797 156.87464 157.15656 157.44383 157.73657 158.03491 158.33895 158.64881 158.96461 159.28648 159.61452 159.94885 160.28958 160.63684 160.99072 161.35133 161.71877 162.09313 162.47451 162.86298 163.2586 163.66144 164.07154 164.48892 164.9136 165.34554 165.78473 166.23109 166.68451 167.14487 167.61197 168.08559 168.56543 169.05115 169.54231 170.03839 170.5388 171.0428 171.54954 172.05802 172.56707 173.07531 173.58114 174.08268 174.57772 175.06367 175.53751 175.99563 176.43377 176.84686 177.2288 177.57227 177.86838 178.10629 178.27272 178.35132 178.32187
155.75798 156.02107 156.28916 156.56239 156.84086 157.12469 157.41402 157.70896 158.00963 158.31616 158.62868 158.94732 159.27219 159.60344 159.94119 160.28556 160.63668 160.99467 161.35965 161.73174 162.11105 162.49767 162.89172 163.29327 163.70241 164.11919 164.54367 164.97589 165.41585 165.86355 166.31894 166.78197 167.25253 167.73046 168.2156 168.70768 169.20641 169.7114 170.22222 170.73831 171.25902 171.78359 172.31112 172.84053 173.37059 173.89986 174.42663 174.94892 175.46443 175.97043 176.46375 176.94063 177.3966 177.82635 178.22352 178.58043 178.88774 179.13405 179.30539 179.3845
155.71323 155.97766 156.24722 156.52201 156.80216 157.0878 157.37905 157.67605 157.97893 158.28782 158.60286 158.92419 159.25194 159.58625 159.92727 160.27512 160.62995 160.9919 161.36109 161.73767 162.12175 162.51346 162.91292 163.32023 163.7355 164.1588 164.59023 165.02982 165.47763 165.93368 166.39796 166.87043 167.35104 167.83967 168.33618 168.84038 169.352 169.87073 170.39617 170.92786 171.46521 172.00755 172.55407 173.10383 173.65572 174.20844 174.76049 175.31013 175.85531 176.39368 176.92247 177.43845 177.93784 178.41616 178.86808 179.28724 179.66596 179.99493 180.26275 180.45545
155.66394 155.92962 156.20051 156.47675 156.75845 157.04576 157.33882 157.63774 157.94269 158.2538 158.57122 158.89508 159.22555 159.56278 159.9069 160.25807 160.61645 160.98219 161.35542 161.73631 162.125 162.52161 162.9263 163.33919 163.7604 164.19004 164.62821 165.075 165.53047 165.99468 166.46765 166.94939 167.43986 167.93901 168.44672 168.96285 169.48719 170.01948 170.55939 171.10651 171.66034 172.2203 172.78566 173.3556 173.92915 174.50516 175.08232 175.6591 176.23376 176.80426 177.36829 177.92314 178.46571 178.99239 179.49893 179.98035 180.43071 180.8429 181.20827 181.51631
155.61004 155.87685 156.14896 156.42651 156.70964 156.99849 157.2932 157.59392 157.90079 158.21396 158.5336 158.85986 159.19289 159.53285 159.87991 160.23424 160.59599 160.96533 161.34242 161.72743 162.12052 162.52185 162.93157 163.34983 163.77678 164.21255 164.65726 165.11102 165.57394 166.0461 166.52755 167.01833 167.51845 168.02788 168.54657 169.07441 169.61124 170.15687 170.71101 171.27333 171.8434 172.42071 173.00464 173.59447 174.18935 174.78829 175.39014 175.9936 176.59718 177.19917 177.79766 178.39048 178.97518 179.54899 180.10876 180.65088 181.17118 181.66477 182.12584 182.54742
155.55147 155.81927 156.09247 156.37121 156.65563 156.94588 157.24211 157.54446 157.8531 158.16819 158.48989 158.81836 159.15378 159.49632 159.84614 160.20343 160.56836 160.94111 161.32187 161.7108 162.10809 162.51392 162.92845 163.35187 163.78433 164.22599 164.677 165.13751 165.60764 166.08749 166.57717 167.07674 167.58624 168.10571 168.63511 169.17439 169.72344 170.28211 170.85019 171.42739 172.01337 172.60768 173.2098 173.81909 174.43482 175.05613 175.68204 176.31142 176.94301 177.57542 178.20708 178.8363 179.46124 180.07991 180.69019 181.28979 181.87625 182.44689 182.99871 183.52825
155.48815 155.75682 156.03098 156.31077 156.59633 156.88783 157.18543 157.48927 157.79952 158.11636 158.43995 158.77047 159.1081 159.45301 159.80541 160.16547 160.53338 160.90934 161.29354 161.68618 162.08745 162.49755 162.91667 163.34499 163.78272 164.23003 164.68709 165.15408 165.63114 166.11842 166.61604 167.12411 167.64272 168.17191 168.71171 169.26211 169.82305 170.39442 170.97607 171.56778 172.16925 172.78012 173.39992 174.02813 174.66409 175.30705 175.95615 176.61043 177.26882 177.93015 178.59317 179.25657 179.91903 180.57923 181.23596 181.88812 182.53484 183.1755 183.80981 184.43775
