data/processed_data/bfs/raumluft_4326_int_idw_eg.asc
NCOLS 300
NROWS 300
XLLCORNER 11.5
YLLCORNER 49.3
DX 0.004
DY 0.00367
NODATA_VALUE -9999
[rows 26 to 51 of 300, columns 180 to 239 of 300]
155.02645 154.28706 153.53205 152.76525 151.99025 151.21032 150.42847 149.6474 148.86952 148.09698 147.33164 146.57511 145.82878 145.09382 144.3712 143.66171 142.96598 142.28453 141.61771 140.96579 140.32894 139.70724 139.10071 138.5093 137.93292 137.37143 136.82465 136.29239 135.77441 135.27046 134.7803 134.30363 133.84019 133.38968 132.95182 132.5263 132.11283 131.71113 131.32089 130.94183 130.57366 130.21611 129.86889 129.53174 129.20438 128.88655 128.57801 128.27849 127.98775 127.70557 127.43169 127.1659 126.90797 126.65769 126.41485 126.17924 125.95066 125.72892 125.51383 125.3052
155.91417 155.12433 154.31916 153.50287 152.67935 151.85217 151.02453 150.1993 149.37903 148.56593 147.76193 146.96866 146.18749 145.41958 144.66586 143.92706 143.20378 142.49642 141.8053 141.1306 140.47241 139.83074 139.20554 138.59668 138.00399 137.42728 136.8663 136.32079 135.79045 135.275 134.77411 134.28746 133.81472 133.35557 132.90966 132.47668 132.05628 131.64814 131.25194 130.86736 130.49409 130.13182 129.78025 129.43908 129.10803 128.78682 128.47518 128.17282 127.87951 127.59497 127.31898 127.05127 126.79163 126.53981 126.29562 126.05881 125.8292 125.60656 125.39072 125.18146
156.8501 156.00467 155.14444 154.27402 153.39766 152.5192 151.64207 150.76931 149.90357 149.04715 148.202 147.36976 146.55179 145.74919 144.96283 144.19339 143.44137 142.7071 141.9908 141.29256 140.61239 139.9502 139.30586 138.67916 138.06985 137.47765 136.90226 136.34332 135.8005 135.27344 134.76175 134.26507 133.78302 133.31522 132.86129 132.42087 131.99358 131.57906 131.17696 130.78693 130.40862 130.04171 129.68587 129.34079 129.00614 128.68164 128.36699 128.0619 127.7661 127.47932 127.20129 126.93177 126.67051 126.41727 126.17181 125.93391 125.70335 125.47992 125.26342 125.05363
157.83753 156.93074 156.00997 155.08029 154.14631 153.21217 152.28153 151.35758 150.44308 149.54039 148.65146 147.77793 146.9211 146.08201 145.26145 144.46 143.67806 142.91586 142.17351 141.45099 140.74821 140.06498 139.40106 138.75616 138.12993 137.52201 136.932 136.35951 135.8041 135.26535 134.74282 134.23609 133.74473 133.2683 132.80638 132.35856 131.92444 131.50361 131.09568 130.70028 130.31703 129.94558 129.58556 129.23665 128.89851 128.57082 128.25327 127.94555 127.64737 127.35845 127.07851 126.80728 126.5445 126.28993 126.04332 125.80443 125.57303 125.34891 125.13184 124.92163
158.87996 157.90532 156.91789 155.92324 154.92638 153.93175 152.94322 151.96414 150.99737 150.04527 149.1098 148.19254 147.29473 146.4173 145.56094 144.7261 143.91306 143.12192 142.35266 141.60515 140.87916 140.17439 139.49049 138.82705 138.18363 137.55978 136.95501 136.36884 135.80076 135.25028 134.7169 134.20012 133.69946 133.21444 132.74459 132.28944 131.84856 131.4215 131.00784 130.60717 130.21908 129.84319 129.47911 129.12649 128.78496 128.4542 128.13386 127.82362 127.52318 127.23223 126.95048 126.67766 126.41348 126.1577 125.91004 125.67026 125.43814 125.21343 124.9959 124.78536
159.98112 158.93131 157.87039 156.80444 155.73889 154.67849 153.62733 152.5889 151.56608 150.56126 149.57635 148.61284 147.67185 146.75419 145.86041 144.9908 144.14549 143.32442 142.52744 141.75424 141.00447 140.2777 139.57344 138.89116 138.23033 137.59037 136.97072 136.37078 135.78999 135.22776 134.68353 134.15674 133.64683 133.15329 132.67558 132.21319 131.76565 131.33246 130.91318 130.50734 130.11453 129.73431 129.3663 129.01008 128.6653 128.33158 128.00858 127.69595 127.39337 127.10052 126.81709 126.54279 126.27733 126.02045 125.77186 125.53132 125.29857 125.07338 124.85552 124.64475
161.14495 160.01173 158.86963 157.72534 156.58472 155.4528 154.33389 153.23154 152.14869 151.08766 150.05027 149.03789 148.05148 147.09168 146.15885 145.2531 144.37437 143.52242 142.69691 141.89739 141.12331 140.37412 139.64916 138.9478 138.26937 137.61318 136.97855 136.36481 135.77129 135.19732 134.64228 134.10553 133.58645 133.08447 132.599 132.12948 131.67539 131.2362 130.81142 130.40055 130.00314 129.61874 129.24691 128.88725 128.53934 128.20281 127.87728 127.56239 127.2578 126.96317 126.67819 126.40254 126.13593 125.87807 125.62868 125.38749 125.15424 124.92869 124.71059 124.49971
162.3756 161.14962 159.91777 158.68734 157.4646 156.2549 155.06268 153.89157 152.74444 151.62354 150.53054 149.46659 148.43248 147.42861 146.45511 145.51188 144.59861 143.71487 142.8601 142.03364 141.2348 140.46281 139.71689 138.99624 138.30006 137.62754 136.9779 136.35034 135.74412 135.15847 134.59269 134.04606 133.51792 133.00761 132.5145 132.03798 131.57748 131.13242 130.70228 130.28653 129.88467 129.49623 129.12074 128.75777 128.40689 128.06769 127.73977 127.42277 127.11631 126.82005 126.53365 126.25679 125.98916 125.73045 125.48039 125.23867 125.00505 124.77926 124.56105 124.35017
163.67737 162.34809 161.01687 159.69162 158.37905 157.08475 155.81326 154.56819 153.35234 152.16775 151.01587 149.89763 148.81352 147.76366 146.74792 145.76589 144.81704 143.90064 143.01592 142.16201 141.33798 140.54289 139.77578 139.03569 138.32168 137.6328 136.96814 136.32681 135.70794 135.1107 134.53428 133.9779 133.44082 132.92232 132.42172 131.93836 131.4716 131.02084 130.5855 130.16503 129.75888 129.36656 128.98758 128.62146 128.26776 127.92604 127.5959 127.27693 126.96876 126.67101 126.38335 126.10542 125.8369 125.57749 125.32688 125.08478 124.85091 124.625 124.4068 124.19606
165.05471 163.61019 162.16882 160.73915 159.32828 157.94198 156.58482 155.26032 153.97105 152.71883 151.50477 150.32946 149.19306 148.09534 147.03582 146.01377 145.02833 144.07851 143.16324 142.2814 141.43185 140.61342 139.82497 139.06537 138.33349 137.62826 136.94864 136.29361 135.66221 135.05349 134.46658 133.9006 133.35474 132.82823 132.32031 131.83028 131.35744 130.90116 130.4608 130.03578 129.62554 129.22952 128.84721 128.47812 128.12177 127.77771 127.4455 127.12473 126.815 126.51593 126.22714 125.94829 125.67904 125.41907 125.16805 124.9257 124.69172 124.46583 124.24777 124.03728
166.51211 164.93883 163.37527 161.83055 160.31212 158.82584 157.3762 155.96648 154.59895 153.27502 151.99542 150.7603 149.56936 148.42197 147.31721 146.25399 145.23108 144.24714 143.30081 142.39069 141.51536 140.67344 139.86357 139.08442 138.33472 137.61322 136.91874 136.25015 135.60636 134.98634 134.3891 133.81371 133.25928 132.72494 132.20991 131.7134 131.23469 130.77308 130.32791 129.89855 129.48439 129.08486 128.69942 128.32754 127.96873 127.6225 127.28841 126.96601 126.65489 126.35465 126.06491 125.7853 125.51547 125.25508 125.00381 124.76134 124.52739 124.30166 124.08387 123.87376
168.05402 166.33669 164.63745 162.96598 161.32992 159.73509 158.18573 156.68475 155.23395 153.83422 152.48574 151.18809 149.94045 148.74166 147.59033 146.48491 145.42374 144.40513 143.42734 142.48866 141.5874 140.72192 139.89063 139.09201 138.32457 137.58694 136.87777 136.1958 135.53982 134.90871 134.30137 133.71679 133.154 132.61208 132.09015 131.5874 131.10304 130.63632 130.18655 129.75306 129.3352 128.93238 128.54401 128.16954 127.80846 127.46025 127.12446 126.80061 126.48828 126.18705 125.89652 125.61631 125.34606 125.08542 124.83404 124.59162 124.35784 124.1324 123.91503 123.70544
169.68466 167.80601 165.95609 164.145 162.38041 160.66788 159.01122 157.41273 155.87357 154.39392 152.97325 151.61048 150.3041 149.05234 147.85324 146.70473 145.60468 144.55095 143.54142 142.57404 141.64681 140.75781 139.9052 139.08723 138.30225 137.54869 136.82505 136.12994 135.46203 134.82008 134.2029 133.60939 133.0385 132.48924 131.96068 131.45193 130.96217 130.4906 130.03647 129.59908 129.17775 128.77184 128.38076 128.00392 127.64077 127.2908 126.95349 126.62839 126.31504 126.01299 125.72185 125.44122 125.17072 124.90998 124.65866 124.41643 124.18297 123.95798 123.74116 123.53223
171.40786 169.34841 167.33116 165.36639 163.46154 161.62165 159.84978 158.14742 156.51479 154.95118 153.45516 152.0248 150.65782 149.35171 148.10384 146.91154 145.77214 144.68301 143.64163 142.64554 141.69241 140.78002 139.90628 139.06921 138.26694 137.49772 136.75991 136.05195 135.37241 134.71991 134.0932 133.49105 132.91236 132.35605 131.82114 131.30668 130.81178 130.33561 129.87738 129.43634 129.01179 128.60305 128.20948 127.83049 127.4655 127.11396 126.77536 126.4492 126.13502 125.83235 125.54079 125.25991 124.98932 124.72866 124.47756 124.23569 124.00271 123.77831 123.56219 123.35407
173.2267 170.96457 168.7616 166.62792 164.57033 162.59297 160.69781 158.88514 157.15402 155.50257 153.92824 152.4281 150.99889 149.63728 148.33986 147.10327 145.92425 144.79964 143.72643 142.70177 141.72295 140.78744 139.89288 139.03702 138.21781 137.43329 136.68165 135.96121 135.27038 134.6077 133.97178 133.36134 132.77517 132.21214 131.67119 131.15131 130.65157 130.1711 129.70904 129.26462 128.8371 128.42577 128.02997 127.64906 127.28246 126.92958 126.5899 126.2629 125.94809 125.645 125.3532 125.07226 124.80178 124.54137 124.29066 124.04931 123.81697 123.59332 123.37805 123.17088
175.14314 172.6539 170.24508 167.92611 165.70265 163.5774 161.55078 159.62151 157.78708 156.04417 154.38889 152.81705 151.32431 149.90633 148.55886 147.27775 146.05908 144.8991 143.79429 142.74134 141.73719 140.77896 139.86398 138.98977 138.15403 137.35464 136.5896 135.85709 135.15539 134.48292 133.83819 133.21983 132.62654 132.05713 131.51047 130.98551 130.48125 129.99677 129.53118 129.08367 128.65346 128.23981 127.84203 127.45946 127.09148 126.73751 126.39697 126.06934 125.75411 125.45081 125.15898 124.87817 124.60797 124.348 124.09786 123.85719 123.62566 123.40292 123.18867 122.98259
177.15747 174.41405 171.77756 169.25596 166.85301 164.56934 162.40322 160.3513 158.40912 156.57155 154.83306 153.18803 151.63082 150.15599 148.75827 147.4327 146.17459 144.97958 143.84359 142.76285 141.73387 140.75343 139.81857 138.92653 138.0748 137.26104 136.4831 135.73899 135.02688 134.34506 133.69194 133.06607 132.46607 131.89066 131.33867 130.80897 130.30052 129.81236 129.34356 128.89326 128.46065 128.04497 127.64548 127.26151 126.89241 126.53758 126.19642 125.86839 125.55297 125.24967 124.958 124.67753 124.40782 124.14846 123.89907 123.65927 123.42871 123.20705 122.99397 122.78915
179.26762 176.24039 173.3529 170.61057 168.01433 165.56184 163.24856 161.06844 159.01459 157.0797 155.25631 153.53709 151.91495 150.38317 148.9354 147.56574 146.26871 145.03926 143.87273 142.76485 141.71172 140.70975 139.75565 138.84642 137.9793 137.15176 136.36148 135.60632 134.88431 134.19363 133.5326 132.89966 132.29337 131.71238 131.15544 130.62138 130.10911 129.61762 129.14594 128.69317 128.25847 127.84104 127.44013 127.05503 126.68508 126.32964 125.98811 125.65992 125.34454 125.04145 124.75017 124.47023 124.2012 123.94266 123.6942 123.45545 123.22604 123.00563 122.79388 122.59047
181.4683 178.12527 174.9623 171.98084 169.17767 166.54649 164.07904 161.76592 159.59725 157.56311 155.65378 153.86 152.17301 150.58467 149.08746 147.67445 146.33932 145.07629 143.88009 142.74594 141.6695 140.64679 139.67424 138.74856 137.86675 137.02611 136.22412 135.4585 134.72716 134.02815 133.35972 132.7202 132.10807 131.52194 130.96047 130.42245 129.90675 129.41228 128.93807 128.48316 128.0467 127.62783 127.2258 126.83986 126.46933 126.11355 125.7719 125.4438 125.12869 124.82605 124.53537 124.25619 123.98804 123.73051 123.48318 123.24566 123.01758 122.79859 122.58834 122.38652
183.74993 180.0573 176.59385 173.35506 170.33205 167.51325 164.88568 162.4358 160.15016 158.01575 156.02028 154.15227 152.40113 150.75718 149.2116 147.75638 146.38431 145.08883 143.86408 142.70472 141.60597 140.5635 139.57339 138.6321 137.73641 136.88339 136.07039 135.29497 134.55491 133.84817 133.17288 132.5273 131.90983 131.31901 130.75346 130.21191 129.69316 129.19612 128.71973 128.26305 127.82515 127.40517 127.00232 126.61585 126.24502 125.88917 125.54767 125.21991 124.90531 124.60335 124.31351 124.03529 123.76824 123.51192 123.26591 123.02982 122.80325 122.58586 122.37729 122.17721
186.09738 182.02051 178.23188 174.71863 171.46424 168.45039 165.65823 163.06923 160.66572 158.43116 156.3503 154.40924 152.59536 150.89733 149.30495 147.80909 146.40157 145.0751 143.82315 142.63985 141.51999 140.45885 139.4522 138.49625 137.58755 136.72298 135.89973 135.11522 134.36711 133.65325 132.97168 132.32059 131.6983 131.10329 130.53412 129.98947 129.46811 128.96888 128.49072 128.03261 127.59363 127.17288 126.76954 126.38282 126.012 125.65637 125.31528 124.98812 124.6743 124.37325 124.08447 123.80745 123.54172 123.28682 123.04233 122.80785 122.58299 122.36737 122.16065 121.96249
188.48866 183.99342 179.85652 176.05374 172.55865 169.34446 166.38523 163.65652 161.13579 158.80249 156.63812 154.62611 152.7517 151.00177 149.36469 147.83018 146.3891 145.03337 143.75581 142.55006 141.41043 140.33186 139.30982 138.34025 137.4195 136.54427 135.71159 134.91875 134.16329 133.44298 132.75575 132.09972 131.47317 130.87448 130.30218 129.7549 129.23135 128.73036 128.25081 127.79167 127.35196 126.93078 126.52728 126.14065 125.77013 125.41501 125.07462 124.74833 124.43553 124.13566 123.84818 123.57258 123.30838 123.05512 122.81236 122.5797 122.35673 122.14307 121.93838 121.74231
190.89349 185.94832 181.44327 177.33922 173.59728 170.18036 167.05411 164.18726 161.55177 159.12267 156.87791 154.79809 152.86617 151.0672 149.38809 147.81737 146.34497 144.96201 143.6607 142.43415 141.27627 140.18164 139.14546 138.16341 137.23165 136.3467 135.50546 134.7051 133.94305 133.21697 132.52473 131.86438 131.23412 130.63229 130.05737 129.50793 128.98266 128.48034 127.99982 127.54003 127.09998 126.67873 126.2754 125.88918 125.51928 125.16497 124.82557 124.50042 124.18891 123.89046 123.60453 123.33059 123.06815 122.81674 122.57593 122.34528 122.12439 121.91289 121.71041 121.51661
193.27213 187.85067 182.96278 178.55057 174.55993 170.94157 167.65142 164.65056 161.90485 159.38457 157.0639 154.92049 152.93495 151.0905 149.37259 147.76856 146.26741 144.85954 143.53655 142.29106 141.11659 140.0074 138.95841 137.9651 137.02342 136.12978 135.2809 134.47386 133.70599 132.97487 132.2783 131.61425 130.98088 130.37647 129.79945 129.24835 128.72183 128.21862 127.73755 127.27752 126.83751 126.41656 126.01376 125.62828 125.25932 124.90613 124.56801 124.24429 123.93434 123.63758 123.35345 123.08141 122.82096 122.57162 122.33296 122.10453 121.88593 121.67677 121.47669 121.28533
195.57455 189.65881 184.38097 179.66022 175.42447 171.61043 168.16315 165.03527 162.18619 159.58117 157.19052 154.98886 152.95449 151.06881 149.31583 147.68181 146.15485 144.72465 143.38226 142.11985 140.93058 139.80842 138.74806 137.74476 136.79434 135.89304 135.03749 134.22465 133.45177 132.71636 132.01615 131.34906 130.71319 130.10677 129.52819 128.97594 128.44865 127.94501 127.46383 127.00398 126.5644 126.14413 125.74223 125.35784 124.99015 124.63839 124.30185 123.97984 123.67174 123.37693 123.09484 122.82494 122.56672 122.31969 122.08339 121.85739 121.64128 121.43466 121.23716 121.04842
197.74027 191.32435 185.65952 180.6381 176.16746 172.16872 168.57514 165.33044 162.3873 159.70586 157.25258 154.99914 152.92158 150.99958 149.21582 147.5555 146.00596 144.55624 143.1969 141.91973 140.71756 139.58412 138.51387 137.50194 136.54397 135.63611 134.77486 133.95713 133.18008 132.44115 131.73802 131.06856 130.4308 129.82296 129.24337 128.6905 128.16293 127.65934 127.1785 126.71924 126.28051 125.8613 125.46066 125.07772 124.71163 124.36163 124.02698 123.70699 123.40101 123.10842 122.82864 122.56113 122.30537 122.06086 121.82716 121.6038 121.39038 121.18649 120.99177 120.80584
