data/processed_data/bfs/raumluft_4326_int_idw_ke.asc
NCOLS 300
NROWS 300
XLLCORNER 11.5
YLLCORNER 49.3
DX 0.004
DY 0.00367
NODATA_VALUE -9999
[rows 104 to 129 of 300, columns 0 to 59 of 300]
246.67032 247.19548 247.73156 248.27887 248.83774 249.40849 249.99148 250.58704 251.19553 251.81734 252.45283 253.10239 253.76642 254.44533 255.13953 255.84945 256.5755 257.31813 258.07779 258.85492 259.64997 260.4634 261.29566 262.14722 263.01852 263.91002 264.82216 265.75536 266.71006 267.68663 268.68547 269.70692 270.75128 271.81883 272.90977 274.02426 275.16238 276.3241 277.5093 278.71774 279.94902 281.20254 282.47753 283.77291 285.08732 286.41903 287.76585 289.12503 290.49317 291.86605 293.2384 294.60373 295.95395 297.27904 298.56649 299.80072 300.96229 302.02698 302.96464 303.73811
245.84528 246.35148 246.86801 247.39515 247.93319 248.48245 249.04325 249.61589 250.20072 250.79808 251.4083 252.03176 252.6688 253.3198 253.98514 254.66519 255.36035 256.07102 256.79758 257.54043 258.29999 259.07664 259.8708 260.68285 261.51319 262.3622 263.23025 264.1177 265.02489 265.95213 266.8997 267.86784 268.85678 269.86665 270.89756 271.94951 273.02244 274.11618 275.23042 276.36473 277.51847 278.69084 279.88074 281.0868 282.30729 283.54004 284.78235 286.03088 287.28147 288.52901 289.76714 290.98797 292.18166 293.33591 294.43528 295.4603 296.38632 297.18201 297.80749 298.21196
245.01559 245.50274 245.99962 246.50649 247.02362 247.5513 248.08981 248.63946 249.20054 249.77336 250.35825 250.95551 251.5655 252.18853 252.82495 253.4751 254.13934 254.81801 255.51146 256.22005 256.94412 257.68404 258.44015 259.21278 260.00226 260.80893 261.63307 262.47497 263.33489 264.21307 265.10971 266.02496 266.95892 267.91164 268.88311 269.87321 270.88173 271.90836 272.95264 274.01393 275.09143 276.18407 277.29051 278.40911 279.53777 280.67393 281.81444 282.9554 284.09199 285.21829 286.32694 287.40879 288.45241 289.44346 290.36378 291.1903 291.89346 292.43511 292.76573 292.8206
244.18163 244.64966 245.12682 245.61334 246.10948 246.6155 247.13166 247.65823 248.19549 248.74372 249.3032 249.87423 250.45711 251.05213 251.6596 252.27983 252.91313 253.5598 254.22016 254.89451 255.58316 256.28641 257.00455 257.73787 258.48664 259.25112 260.03155 260.82815 261.6411 262.47056 263.31664 264.17942 265.05892 265.95507 266.86775 267.79674 268.7417 269.70218 270.67758 271.66709 272.66971 273.68419 274.70896 275.74209 276.78121 277.82341 278.86511 279.90194 280.92852 281.93821 282.92281 283.87208 284.77326 285.61024 286.36256 287.00404 287.50082 287.80873 287.86947 287.60529
243.34381 243.79265 244.25001 244.71612 245.19121 245.6755 246.16925 246.6727 247.18608 247.70967 248.24371 248.78847 249.34421 249.9112 250.48971 251.08001 251.68238 252.29708 252.92438 253.56454 254.21783 254.88451 255.5648 256.25896 256.96719 257.68969 258.42664 259.17821 259.9445 260.7256 261.52156 262.33236 263.15793 263.99813 264.85274 265.72142 266.60372 267.49908 268.40675 269.32578 270.25501 271.193 272.138 273.08783 274.03987 274.99091 275.93704 276.87349 277.7944 278.69257 279.55911 280.38295 281.15026 281.84356 282.44061 282.91283 283.22303 283.32226 283.1452 282.60337
242.50251 242.9321 243.36962 243.81526 244.26924 244.73177 245.20307 245.68334 246.17282 246.67173 247.1803 247.69877 248.22736 248.76632 249.31588 249.87627 250.44773 251.0305 251.6248 252.23086 252.84889 253.4791 254.12169 254.77684 255.44472 256.12548 256.81922 257.52606 258.24604 258.97919 259.72548 260.48482 261.25706 262.04197 262.83925 263.64847 264.46908 265.30039 266.14154 266.99147 267.84887 268.71214 269.57935 270.44815 271.31571 272.17858 273.03257 273.8726 274.69246 275.48454 276.23945 276.94553 277.58823 278.14916 278.60492 278.92539 279.07126 278.99056 278.61344 277.84437
241.65812 242.06841 242.48604 242.91118 243.34402 243.78475 244.23356 244.69064 245.15619 245.63041 246.1135 246.60567 247.10713 247.61806 248.13869 248.66921 249.20982 249.76072 250.3221 250.89415 251.47703 252.07092 252.67597 253.29231 253.92006 254.55931 255.21014 255.87258 256.54664 257.23226 257.92936 258.63778 259.35731 260.08764 260.82838 261.57902 262.33893 263.10732 263.88323 264.66548 265.45266 266.24303 267.03454 267.82468 268.61044 269.38822 270.15362 270.90136 271.62498 272.31661 272.96658 273.56289 274.09064 274.53103 274.86017 275.04736 275.05254 274.82275 274.28666 273.34637
240.81101 241.20198 241.59969 242.0043 242.41598 242.83489 243.26119 243.69506 244.13668 244.58621 245.04383 245.50971 245.98404 246.46699 246.95873 247.45942 247.96925 248.48836 249.01692 249.55507 250.10294 250.66066 251.22835 251.80609 252.39395 252.99198 253.60021 254.21861 254.84714 255.48569 256.13411 256.79219 257.45965 258.13612 258.82113 259.51411 260.21435 260.92097 261.63294 262.34899 263.06759 263.78695 264.50487 265.21875 265.92548 266.62132 267.30176 267.9614 268.59366 269.19057 269.74236 270.237 270.65955 270.99131 271.20859 271.28106 271.16934 270.82152 270.16801 269.11357
239.96157 240.33319 240.71097 241.09504 241.48554 241.88261 242.28641 242.69707 243.11476 243.53961 243.97177 244.4114 244.85865 245.31365 245.77655 246.24749 246.72661 247.21404 247.70988 248.21426 248.72728 249.24901 249.77954 250.3189 250.86714 251.42424 251.99019 252.56493 253.14834 253.74029 254.34057 254.9489 255.56496 256.18831 256.81843 257.45469 258.0963 258.74233 259.39168 260.04301 260.69472 261.34494 261.99142 262.63148 263.26194 263.879 264.47812 265.05385 265.59962 266.1075 266.5678 266.96871 267.29561 267.53032 267.64999 267.62555 267.41956 266.98311 266.25119 265.1358
239.11017 239.46244 239.82028 240.1838 240.55312 240.92836 241.30966 241.69713 242.0909 242.4911 242.89784 243.31125 243.73146 244.15857 244.59271 245.03398 245.48249 245.93834 246.4016 246.87236 247.35068 247.83662 248.3302 248.83143 249.34031 249.8568 250.38082 250.91228 251.45102 251.99685 252.54952 253.10871 253.67405 254.24504 254.82111 255.40159 255.98563 256.57226 257.16032 257.74841 258.33492 258.91789 259.49506 260.06372 260.62065 261.16207 261.68345 262.17938 262.64341 263.06777 263.44306 263.75785 263.99815 264.1467 264.18198 264.07693 263.7971 263.29803 262.52155 261.39032
238.25718 238.5901 238.928 239.27098 239.61913 239.97257 240.33138 240.69568 241.06557 241.44115 241.82251 242.20976 242.60298 243.00228 243.40774 243.81944 244.23745 244.66183 245.09265 245.52996 245.97377 246.42411 246.88097 247.34433 247.81414 248.29032 248.77278 249.26135 249.75586 250.25607 250.76169 251.27236 251.78765 252.30704 252.82992 253.35556 253.88309 254.4115 254.93958 255.46592 255.98887 256.50647 257.01643 257.51605 258.00215 258.47098 258.91808 259.33819 259.72505 260.07115 260.36751 260.60329 260.76534 260.8376 260.8003 260.62889 260.29258 259.75237 258.95827 257.84543
237.40297 237.71655 238.03453 238.35698 238.68399 239.01564 239.352 239.69317 240.03921 240.39022 240.74626 241.1074 241.47373 241.84529 242.22216 242.60439 242.99201 243.38508 243.78361 244.18762 244.59712 245.01207 245.43245 245.8582 246.28924 246.72546 247.16671 247.61281 248.06354 248.51863 248.97775 249.4405 249.90643 250.37498 250.84551 251.31725 251.78931 252.26066 252.73006 253.1961 253.65712 254.11116 254.55596 254.98884 255.4067 255.80586 256.18202 256.53009 256.84406 257.11682 257.33988 257.50314 257.59442 257.59908 257.4993 257.27335 256.89446 256.32948 255.537 254.46502
236.54791 236.84217 237.14025 237.4422 237.74809 238.05799 238.37194 238.69002 239.01227 239.33876 239.66954 240.00466 240.34416 240.68809 241.03647 241.38934 241.74672 242.10861 242.47502 242.84592 243.22129 243.60109 243.98523 244.37365 244.76622 245.1628 245.56321 245.96725 246.37466 246.78512 247.1983 247.61375 248.031 248.44946 248.86846 249.28722 249.70483 250.12024 250.53223 250.93937 251.34002 251.73226 252.11385 252.48221 252.8343 253.16658 253.47492 253.75447 253.99956 254.20348 254.35836 254.45485 254.4819 254.42633 254.27241 254.00125 253.59014 253.01166 252.23262 251.21295
235.69235 235.96732 236.24553 236.52702 236.81184 237.10002 237.39162 237.68666 237.98519 238.28723 238.59283 238.902 239.21477 239.53116 239.85117 240.17481 240.50208 240.83294 241.16739 241.50537 241.84683 242.19169 242.53986 242.89122 243.24563 243.60291 243.96286 244.32524 244.68977 245.05611 245.42389 245.79264 246.16187 246.53096 246.89924 247.26591 247.63006 247.99064 248.34642 248.69601 249.03779 249.3699 249.69015 249.99606 250.2847 250.5527 250.79614 251.01044 251.19027 251.32943 251.42065 251.45542 251.4238 251.3141 251.1126 250.80318 250.36692 249.78164 249.02145 248.05651
234.83665 235.09237 235.35075 235.61183 235.87562 236.14215 236.41144 236.68351 236.95837 237.23605 237.51654 237.79986 238.086 238.37496 238.66672 238.96127 239.25857 239.55857 239.86124 240.16649 240.47425 240.78441 241.09685 241.41144 241.72799 242.04631 242.36617 242.6873 243.0094 243.3321 243.65501 243.97765 244.2995 244.61994 244.93828 245.25372 245.56534 245.87212 246.17285 246.46617 246.75049 247.02403 247.28469 247.53008 247.75743 247.96356 248.14476 248.29676 248.41463 248.49264 248.52416 248.50152 248.41585 248.25689 248.01279 247.66996 247.21283 246.62371 245.88282 244.96843
233.98116 234.21767 234.45628 234.69699 234.93981 235.18475 235.4318 235.68097 235.93226 236.18565 236.44113 236.69869 236.95831 237.21995 237.48359 237.74918 238.01666 238.28597 238.55703 238.82975 239.10403 239.37972 239.6567 239.93479 240.21379 240.49349 240.77362 241.0539 241.334 241.61354 241.8921 242.1692 242.44429 242.71675 242.98589 243.2509 243.5109 243.76486 244.01162 244.24985 244.47804 244.69446 244.89713 245.08379 245.25182 245.39825 245.51962 245.61198 245.67079 245.69081 245.66604 245.58962 245.45366 245.24923 244.96616 244.59303 244.1171 243.52436 242.79977 241.92771
233.12623 233.34359 233.56248 233.78289 234.0048 234.22822 234.45311 234.67946 234.90724 235.13643 235.367 235.59891 235.83212 236.06657 236.30222 236.53899 236.77682 237.0156 237.25524 237.49563 237.73663 237.9781 238.21987 238.46174 238.7035 238.94489 239.18566 239.42548 239.664 239.90084 240.13555 240.36764 240.59656 240.82169 241.04232 241.25768 241.46688 241.66894 241.86272 242.04695 242.2202 242.38084 242.52698 242.65651 242.767 242.85568 242.91936 242.95441 242.95669 242.92145 242.84328 242.71606 242.53285 242.28583 241.96631 241.56467 241.07044 240.47247 239.75923 238.91936
232.27219 232.47046 232.6697 232.86987 233.07096 233.27293 233.47573 233.67935 233.88372 234.08881 234.29457 234.50094 234.70786 234.91525 235.12304 235.33115 235.53946 235.74789 235.9563 236.16455 236.37251 236.57998 236.78679 236.99271 237.19752 237.40095 237.60269 237.80242 237.99978 238.19435 238.38569 238.57329 238.75659 238.93498 239.10776 239.27416 239.43334 239.58432 239.72603 239.85726 239.97666 240.08268 240.17359 240.24742 240.30193 240.33456 240.34241 240.32218 240.2701 240.1819 240.05274 239.87717 239.64907 239.36162 239.00733 238.57805 238.06505 237.45927 236.75163 235.93352
231.41939 231.59864 231.7783 231.95832 232.13865 232.31925 232.50006 232.68103 232.86209 233.04319 233.22424 233.40519 233.58593 233.76639 233.94647 234.12605 234.30503 234.48327 234.66062 234.83695 235.01206 235.18577 235.35787 235.52812 235.69626 235.86202 236.02508 236.18508 236.34166 236.49438 236.64279 236.78638 236.92459 237.05679 237.18232 237.30041 237.41024 237.51089 237.60134 237.68044 237.74693 237.79939 237.83619 237.85555 237.85541 237.83345 237.78705 237.71323 237.60861 237.46937 237.29118 237.06922 236.79808 236.4718 236.08384 235.6272 235.09445 234.47798 233.77027 232.96434
230.56816 230.72846 230.88862 231.04856 231.20823 231.36755 231.52646 231.68488 231.84273 231.99994 232.1564 232.31204 232.46674 232.6204 232.7729 232.92411 233.0739 233.22213 233.36862 233.5132 233.65568 233.79585 233.93348 234.06832 234.20008 234.32847 234.45316 234.57378 234.68994 234.80121 234.90711 235.00713 235.10071 235.18724 235.26605 235.3364 235.3975 235.44848 235.48836 235.51609 235.53048 235.53023 235.51387 235.47977 235.42608 235.35073 235.25138 235.12536 234.96967 234.78091 234.55528 234.28847 233.97572 233.61176 233.19086 232.70684 232.15322 231.52333 230.81059 230.00877
229.71882 229.86027 230.00101 230.14097 230.28006 230.4182 230.5553 230.69127 230.82602 230.95944 231.09143 231.22188 231.35066 231.47765 231.60272 231.72571 231.84648 231.96485 232.08066 232.19369 232.30375 232.4106 232.51399 232.61366 232.7093 232.80061 232.88723 232.96879 233.04488 233.11505 233.17883 233.23569 233.28508 233.32638 233.35894 233.38206 233.39496 233.39682 233.38672 233.36369 233.32663 233.27437 233.2056 233.11884 233.01247 232.88466 232.73334 232.55618 232.35056 232.11348 231.84158 231.5311 231.17781 230.77703 230.32366 229.81217 229.23669 228.59115 227.86941 227.06546
228.87171 228.99439 229.1158 229.23586 229.35447 229.47153 229.58693 229.70056 229.81232 229.92207 230.0297 230.13508 230.23807 230.33853 230.4363 230.53122 230.62312 230.71181 230.7971 230.87877 230.9566 231.03034 231.09972 231.16445 231.22423 231.27873 231.32756 231.37036 231.40669 231.4361 231.4581 231.47217 231.47775 231.47422 231.46095 231.43726 231.4024 231.35558 231.29597 231.22265 231.13465 231.03091 230.91025 230.77141 230.61296 230.43332 230.23073 230.00318 229.7484 229.46382 229.14652 228.79319 228.40012 227.96314 227.47766 226.93862 226.34059 225.67781 224.94427 224.13387
228.02715 228.13114 228.23333 228.3336 228.43183 228.52791 228.62171 228.71311 228.80198 228.88818 228.97157 229.05201 229.12934 229.20339 229.27401 229.341 229.40418 229.46335 229.51829 229.56878 229.61456 229.65538 229.69096 229.72099 229.74514 229.76306 229.77438 229.7787 229.77556 229.76451 229.74505 229.71665 229.67875 229.63073 229.57198 229.50182 229.41954 229.3244 229.21561 229.09235 228.95373 228.79882 228.62661 228.436 228.22581 227.99471 227.74121 227.46366 227.16016 226.82854 226.46632 226.07065 225.63828 225.16551 224.64818 224.08163 223.4607 222.77979 222.03285 221.21346
227.18544 227.27086 227.35393 227.4345 227.51246 227.58766 227.65998 227.72926 227.79536 227.85813 227.9174 227.97302 228.0248 228.07259 228.11618 228.15538 228.18999 228.21979 228.24454 228.26401 228.27793 228.28603 228.288 228.28352 228.27226 228.25385 228.22789 228.19397 228.15163 228.1004 228.03975 227.96917 227.88806 227.79584 227.69188 227.57552 227.44607 227.30284 227.14509 226.97207 226.78299 226.57704 226.35337 226.11108 225.84919 225.56665 225.26228 224.93476 224.58259 224.20401 223.79698 223.35912 222.88764 222.37929 221.8303 221.23635 220.59252 219.89326 219.13241 218.30314
226.34691 226.41386 226.47791 226.5389 226.5967 226.65114 226.70208 226.74936 226.7928 226.83225 226.86752 226.89844 226.92481 226.94645 226.96315 226.9747 226.98088 226.98145 226.97616 226.96477 226.94699 226.92253 226.89107 226.85229 226.80582 226.75128 226.68826 226.61633 226.53502 226.44383 226.34225 226.22972 226.10565 225.96945 225.82049 225.65811 225.48166 225.29046 225.08382 224.86107 224.62151 224.36445 224.08918 223.79499 223.48114 223.14686 222.79127 222.41342 222.01221 221.58633 221.13419 220.65391 220.14318 219.5992 219.01863 218.39747 217.73101 217.01377 216.23943 215.40078
225.51187 225.56046 225.6056 225.64712 225.68487 225.71867 225.74835 225.77373 225.79464 225.81089 225.82228 225.82862 225.8297 225.82532 225.81525 225.79927 225.77714 225.74862 225.71344 225.67132 225.62199 225.56513 225.50041 225.42749 225.34598 225.2555 225.15562 225.04588 224.9258 224.79487 224.65255 224.49827 224.33143 224.15142 223.95759 223.74931 223.52592 223.28677 223.0312 222.75859 222.46834 222.15986 221.8326 221.48603 221.11964 220.73294 220.32539 219.89642 219.44534 218.97133 218.47332 217.94994 217.39941 216.81945 216.20716 215.55892 214.87028 214.13586 213.34923 212.50283
