data/processed_data/bfs/raumluft_4326_int_idw_combined.asc
NCOLS 300
NROWS 300
XLLCORNER 11.5
YLLCORNER 49.3
DX 0.004
DY 0.00367
NODATA_VALUE -9999
[rows 234 to 259 of 300, columns 120 to 179 of 300]
113.39818 113.21508 113.03482 112.85482 112.67173 112.4817 112.28073 112.06524 111.83274 111.58246 111.31565 111.03558 110.74716 110.45624 110.16896 109.89107 109.62754 109.38222 109.15762 108.95477 108.77319 108.61108 108.46558 108.33325 108.21056 108.09415 107.98103 107.86824 107.75239 107.62898 107.49211 107.33474 107.1495 106.92999 106.67198 106.37454 106.04067 105.67769 105.2971 104.91378 104.54453 104.20583 103.91094 103.66712 103.47335 103.31944 103.18634 103.04747 102.86999 102.6154 102.23924 101.69087 100.91649 99.872772 98.56467 97.120022 95.872616 95.320462 95.826488 97.298747
113.73884 113.54829 113.35958 113.1707 112.97924 112.7825 112.57783 112.36299 112.13655 111.89825 111.64916 111.39174 111.12947 110.86657 110.60744 110.3563 110.11682 109.89187 109.68332 109.49195 109.31746 109.15857 109.01322 108.87883 108.75262 108.63177 108.51347 108.39482 108.27253 108.14269 108.00066 107.84134 107.65971 107.45164 107.21466 106.94871 106.65654 106.3439 106.01928 105.6932 105.37707 105.08141 104.81401 104.57785 104.36952 104.17824 103.98535 103.76409 103.47876 103.08269 102.51436 101.69188 100.50834 98.838597 96.587616 93.843283 91.165044 89.700953 90.43365 93.080188
114.07902 113.8838 113.68992 113.49587 113.2999 113.10015 112.89487 112.68265 112.4627 112.23504 112.0006 111.76122 111.51947 111.2784 111.04122 110.81103 110.59053 110.38184 110.18637 110.0047 109.83662 109.68117 109.53681 109.40155 109.27314 109.14919 109.02721 108.90453 108.77823 108.64502 108.50129 108.34331 108.1676 107.97146 107.75351 107.51408 107.2555 106.98214 106.70014 106.41674 106.13943 105.8746 105.62613 105.39392 105.17251 104.94995 104.70667 104.41397 104.0313 103.50135 102.74119 101.62771 99.975998 97.517296 93.918187 88.999004 83.483866 79.971066 81.290704 86.535993
114.41817 114.2204 114.02378 113.8272 113.62939 113.42908 113.22512 113.01665 112.80324 112.58507 112.36294 112.13825 111.91291 111.68917 111.4694 111.25586 111.05055 110.85505 110.67039 110.49699 110.33468 110.18273 110.03994 109.90471 109.77521 109.64942 109.52518 109.40014 109.27182 109.13752 108.99441 108.83975 108.67108 108.48664 108.28563 108.06851 107.83715 107.59476 107.34561 107.09452 106.84612 106.60383 106.36876 106.13851 105.9059 105.6577 105.37296 105.02049 104.55453 103.90699 102.9732 101.58617 99.470343 96.165192 90.938427 82.91358 72.416087 64.608464 67.28706 77.700043
114.75572 114.55699 114.35943 114.16218 113.96437 113.76513 113.5637 113.35957 113.15255 112.94289 112.73126 112.51874 112.30679 112.09707 111.89133 111.69125 111.49831 111.31366 111.13805 110.9718 110.81473 110.66627 110.52543 110.39094 110.26128 110.13475 110.00949 109.88352 109.75475 109.62099 109.48005 109.32987 109.16868 108.9953 108.80925 108.61098 108.40188 108.1842 107.96077 107.73462 107.50828 107.28304 107.05803 106.82916 106.58795 106.32009 106.00346 105.60485 105.07458 104.33652 103.26983 101.67403 99.201145 95.224456 88.613893 77.594483 61.308323 47.504785 52.225761 69.391047
115.09112 114.89265 114.69543 114.49886 114.3023 114.10518 113.90702 113.70752 113.50664 113.30465 113.1021 112.89985 112.69901 112.50083 112.30661 112.11759 111.93487 111.7593 111.59141 111.43141 111.27915 111.13412 110.99554 110.86235 110.73328 110.60691 110.48168 110.35593 110.22792 110.09588 109.95811 109.81303 109.65936 109.49626 109.32342 109.14117 108.95048 108.75282 108.54995 108.34353 108.13458 107.9229 107.70622 107.47929 107.23279 106.95183 106.61375 106.18466 105.61348 104.82136 103.68216 101.98524 99.362758 95.147467 88.122793 76.335208 58.705052 43.548858 48.730445 67.424277
115.4239 115.22658 115.03065 114.83568 114.64123 114.44692 114.25245 114.05768 113.86264 113.66759 113.47301 113.27957 113.08812 112.89961 112.71501 112.53524 112.36112 112.19327 112.03206 111.87761 111.72979 111.58815 111.45204 111.32059 111.19273 111.06727 110.94291 110.81826 110.69191 110.56242 110.42845 110.28878 110.14246 109.98883 109.82768 109.65918 109.48394 109.30283 109.11677 108.92643 108.7318 108.5316 108.32267 108.09909 107.85119 107.56408 107.21554 106.77266 106.1862 105.38092 104.23827 102.56511 100.03673 96.098744 89.840229 80.088332 67.005466 56.991507 60.374268 73.427713
115.75364 115.55813 115.36417 115.17145 114.97968 114.78861 114.59807 114.408 114.21849 114.02978 113.84227 113.65649 113.47311 113.29283 113.1164 112.94451 112.77775 112.61657 112.46124 112.31181 112.16813 112.02984 111.89637 111.76699 111.64083 111.51687 111.39404 111.27119 111.14715 111.02077 110.89098 110.75683 110.61756 110.47266 110.32191 110.16537 110.00332 109.83617 109.66423 109.4875 109.3052 109.11541 108.91445 108.69615 108.45098 108.16468 107.81646 107.37603 106.79901 106.01925 104.93633 103.39505 101.1543 97.850567 93.005816 86.293427 78.585471 73.52167 75.280476 82.468066
116.08 115.88679 115.69528 115.50526 115.31653 115.12896 114.94244 114.75699 114.57271 114.38982 114.20865 114.02964 113.85329 113.68015 113.51078 113.34571 113.18535 113.03004 112.87996 112.73511 112.59535 112.46036 112.32966 112.20263 112.07853 111.95654 111.83574 111.7152 111.59395 111.47106 111.34566 111.217 111.08446 110.94762 110.80622 110.6602 110.50962 110.35454 110.19484 110.03001 109.85886 109.67908 109.48678 109.27593 109.03752 108.75852 108.42033 107.9966 107.44984 106.72639 105.74918 104.4081 102.55112 99.989497 96.561123 92.353491 88.16613 85.763267 86.7008 90.493744
116.40271 116.21214 116.0234 115.83638 115.65094 115.467 115.28453 115.10357 114.92424 114.74672 114.57131 114.39834 114.22821 114.06136 113.8982 113.73911 113.58442 113.43436 113.28903 113.14843 113.01241 112.88068 112.75284 112.62836 112.50663 112.38695 112.26857 112.1507 112.03257 111.91341 111.79251 111.66925 111.54311 111.41372 111.28081 111.14421 111.0038 110.85939 110.71058 110.55657 110.3959 110.22611 110.04341 109.84213 109.61412 109.34796 109.02779 108.63188 108.13049 107.48332 106.63649 105.52075 104.05507 102.16681 99.851209 97.295552 95.030208 93.8784 94.444623 96.549428
116.72155 116.53386 116.34813 116.16429 115.98227 115.80203 115.62357 115.44696 115.27231 115.0998 114.92965 114.76215 114.59761 114.43636 114.27873 114.12499 113.97539 113.83008 113.68914 113.55251 113.42008 113.29157 113.16665 113.04488 112.92573 112.80863 112.69295 112.57803 112.46324 112.34795 112.23157 112.11358 111.99354 111.87109 111.74597 111.61791 111.48669 111.35194 111.21309 111.06917 110.91863 110.75905 110.58688 110.39703 110.18244 109.93346 109.63719 109.27661 108.82955 108.26787 107.5573 106.65958 105.54027 104.18817 102.65359 101.10317 99.853242 99.296737 99.688116 100.95398
117.03637 116.85171 116.66914 116.4886 116.31006 116.13353 115.95902 115.78661 115.6164 115.44856 115.28328 115.12078 114.96131 114.80514 114.6525 114.50361 114.35865 114.21771 114.08083 113.94797 113.819 113.69368 113.57174 113.45278 113.33638 113.22204 113.10925 112.99747 112.88617 112.77481 112.66292 112.55006 112.43583 112.31991 112.20199 112.08181 111.95902 111.83318 111.70362 111.56932 111.42875 111.27964 111.11882 110.94189 110.74293 110.51416 110.24551 109.92432 109.53503 109.05947 108.478 107.77302 106.93632 105.98286 104.97101 104.0225 103.32106 103.063 103.36468 104.19277
117.34704 117.16553 116.98619 116.80901 116.63398 116.46113 116.29048 116.12212 115.95614 115.7927 115.63194 115.47406 115.31925 115.16773 115.01966 114.87521 114.73452 114.59764 114.46459 114.33532 114.20971 114.08755 113.9686 113.85253 113.73898 113.62755 113.5178 113.40927 113.30153 113.19414 113.08669 112.9788 112.87012 112.76035 112.64919 112.53633 112.4214 112.30391 112.18316 112.05815 111.92744 111.78903 111.64017 111.47718 111.29531 111.08848 110.84921 110.56855 110.2363 109.8417 109.37511 108.83121 108.21456 107.54783 106.88115 106.29741 105.90406 105.80428 106.05537 106.64059
117.65348 117.47518 117.29913 117.12533 116.9538 116.78456 116.61768 116.45322 116.29129 116.132 115.97548 115.8219 115.67142 115.52419 115.38035 115.24003 115.10331 114.97025 114.84083 114.715 114.59265 114.47362 114.35767 114.24454 114.13393 114.02549 113.91886 113.81366 113.70952 113.60608 113.50299 113.39992 113.29657 113.19264 113.08785 112.98187 112.87434 112.76475 112.65243 112.53646 112.41553 112.28794 112.15137 112.0029 111.8388 111.65455 111.44483 111.20369 110.92494 110.60301 110.2345 109.82066 109.37106 108.90797 108.47008 108.11254 107.89951 107.88789 108.10772 108.54979
117.95567 117.78059 117.60783 117.43741 117.26934 117.10367 116.94045 116.77976 116.62169 116.46634 116.31383 116.16429 116.01784 115.87462 115.73473 115.59827 115.4653 115.33584 115.20989 115.08738 114.96823 114.85227 114.73933 114.62917 114.52153 114.41613 114.31267 114.21084 114.11031 114.01078 113.91197 113.81357 113.71532 113.61696 113.51821 113.41877 113.31825 113.21621 113.11201 113.00482 112.89354 112.77674 112.65257 112.51874 112.37248 112.21056 112.0294 111.82532 111.595 111.33624 111.04924 110.7383 110.41401 110.0954 109.811 109.59744 109.49397 109.5334 109.73227 110.08506
118.25356 118.08172 117.91225 117.74517 117.58051 117.41833 117.25867 117.10162 116.94725 116.79566 116.64695 116.50122 116.35859 116.21914 116.08297 115.95015 115.82073 115.69471 115.57208 115.4528 115.33676 115.22384 115.11388 115.0067 114.90206 114.79973 114.69946 114.60099 114.50405 114.40839 114.31375 114.21988 114.12655 114.03352 113.94053 113.8473 113.75348 113.65866 113.56228 113.46363 113.3618 113.25564 113.14371 113.02431 112.89545 112.75495 112.60058 112.43029 112.24269 112.03767 111.81726 111.58683 111.35622 111.14067 110.96086 110.84127 110.80656 110.87637 111.06018 111.35439
118.54718 118.37856 118.21234 118.04856 117.88726 117.72848 117.57229 117.41876 117.26795 117.11996 116.97486 116.83276 116.69373 116.55786 116.42522 116.29587 116.16982 116.0471 115.92768 115.81152 115.69853 115.58861 115.48162 115.3774 115.27576 115.17651 115.07943 114.9843 114.89092 114.79905 114.70848 114.619 114.53041 114.44248 114.355 114.2677 114.18029 114.09239 114.00354 113.91316 113.8205 113.72469 113.62466 113.51919 113.40693 113.28651 113.15669 113.01658 112.86601 112.70603 112.53949 112.37174 112.21124 112.06986 111.96247 111.90565 111.91526 112.00345 112.17578 112.42979
118.83653 118.6711 118.5081 118.34757 118.18956 118.03411 117.88129 117.73116 117.58378 117.43924 117.29761 117.15896 117.02338 116.89092 116.76165 116.6356 116.5128 116.39325 116.27694 116.16381 116.05381 115.94684 115.84278 115.7415 115.64285 115.54666 115.45275 115.36094 115.27105 115.18289 115.09629 115.01107 114.92703 114.84401 114.76181 114.68019 114.5989 114.51764 114.43602 114.35359 114.26977 114.18392 114.09527 114.00302 113.90631 113.80438 113.6967 113.58314 113.46426 113.34168 113.21845 113.09946 112.99168 112.90421 112.84776 112.83371 112.87249 112.97182 113.13503 113.36031
119.12166 118.95938 118.79955 118.64222 118.48743 118.33523 118.18568 118.03884 117.89478 117.75356 117.61525 117.47992 117.34763 117.21844 117.09239 116.96951 116.84984 116.73336 116.62005 116.50989 116.40282 116.29875 116.19759 116.09922 116.00353 115.91036 115.81959 115.73105 115.64459 115.56007 115.47732 115.39621 115.31658 115.23827 115.16111 115.08493 115.0095 114.93459 114.85989 114.78506 114.70968 114.6333 114.55542 114.47554 114.39319 114.30806 114.22009 114.12962 114.03762 113.94592 113.85745 113.77644 113.70854 113.66065 113.64054 113.65614 113.71443 113.82042 113.97612 114.18013
119.40261 119.24344 119.08672 118.93252 118.78088 118.63185 118.48549 118.34185 118.20099 118.06298 117.92787 117.79573 117.6666 117.54055 117.4176 117.29779 117.18112 117.06761 116.95724 116.84997 116.74576 116.64454 116.54623 116.45074 116.35796 116.26779 116.1801 116.09477 116.01168 115.9307 115.8517 115.77456 115.69916 115.62538 115.55306 115.48207 115.41225 115.34339 115.27528 115.20768 115.1403 115.07285 115.00504 114.93661 114.86738 114.79734 114.72674 114.65619 114.58686 114.52058 114.45999 114.40868 114.37112 114.35259 114.35875 114.39518 114.46665 114.57645 114.7258 114.91358
119.67944 119.52331 119.36966 119.21853 119.06997 118.92403 118.78077 118.64023 118.50247 118.36756 118.23555 118.10648 117.98041 117.85738 117.73742 117.62057 117.50683 117.3962 117.28867 117.18423 117.08282 116.98439 116.88889 116.79623 116.70633 116.6191 116.53445 116.45226 116.37245 116.29491 116.21954 116.14625 116.07493 116.00548 115.93779 115.87176 115.80727 115.74417 115.68231 115.62154 115.56169 115.5026 115.44412 115.38619 115.32883 115.27223 115.21684 115.1634 115.11312 115.06772 115.02953 115.00151 114.98722 114.99065 115.016 115.06722 115.14762 115.2594 115.40327 115.57832
119.9522 119.79907 119.64842 119.5003 119.35475 119.21182 119.07157 118.93405 118.79931 118.6674 118.53837 118.41228 118.28916 118.16906 118.052 117.93801 117.8271 117.71927 117.61452 117.51283 117.41416 117.31848 117.22573 117.13585 117.04878 116.96444 116.88275 116.80364 116.72703 116.65283 116.58098 116.51139 116.44398 116.37869 116.31543 116.25412 116.19469 116.13705 116.0811 116.02676 115.97394 115.9226 115.87272 115.82435 115.77765 115.73296 115.6908 115.65198 115.61768 115.58944 115.56927 115.55961 115.56325 115.58327 115.62275 115.68455 115.77099 115.88354 116.02262 116.18743
120.22096 120.07077 119.92307 119.77789 119.63528 119.49529 119.35798 119.22339 119.09157 118.96257 118.83645 118.71323 118.59297 118.4757 118.36145 118.25024 118.14208 118.03698 117.93494 117.83594 117.73995 117.64696 117.5569 117.46975 117.38545 117.30393 117.22515 117.14904 117.07554 117.00458 116.93612 116.87009 116.80644 116.74513 116.68609 116.62927 116.57464 116.52215 116.47175 116.42343 116.37716 116.33298 116.29095 116.25123 116.21406 116.17985 116.14917 116.12283 116.10191 116.08779 116.08216 116.08701 116.10457 116.13717 116.18713 116.25653 116.347 116.45954 116.59436 116.75078
120.48578 120.33849 120.19366 120.05136 119.91163 119.77451 119.64006 119.50832 119.37934 119.25318 119.12986 119.00944 118.89196 118.77743 118.66591 118.5574 118.45192 118.34948 118.25007 118.1537 118.06034 117.96996 117.88255 117.79807 117.71647 117.63772 117.56177 117.48857 117.41809 117.35027 117.28508 117.22248 117.16243 117.10491 117.04989 116.99733 116.94724 116.8996 116.8544 116.81168 116.77147 116.73386 116.69898 116.66705 116.63836 116.61335 116.59259 116.57687 116.56716 116.56466 116.57079 116.58718 116.61557 116.65779 116.71555 116.7904 116.88349 116.9955 117.12649 117.2759
120.74675 120.60228 120.46028 120.32079 120.18387 120.04955 119.91789 119.78893 119.66272 119.5393 119.41872 119.30101 119.18622 119.07437 118.9655 118.85961 118.75674 118.65688 118.56005 118.46624 118.37544 118.28764 118.20281 118.12093 118.04198 117.96592 117.89272 117.82236 117.75479 117.69001 117.62797 117.56866 117.51206 117.45815 117.40694 117.35842 117.31261 117.26951 117.22917 117.19165 117.15703 117.12543 117.09703 117.07207 117.0509 117.03394 117.02175 117.01507 117.01474 117.02182 117.03749 117.06307 117.09994 117.14952 117.21311 117.29184 117.38654 117.49767 117.6252 117.76866
121.00393 120.86223 120.72299 120.58626 120.45207 120.32049 120.19155 120.0653 119.94178 119.82104 119.70312 119.58805 119.47588 119.36663 119.26033 119.157 119.05666 118.95933 118.86501 118.7737 118.6854 118.6001 118.51779 118.43846 118.36208 118.28865 118.21813 118.15051 118.08577 118.02391 117.9649 117.90874 117.85543 117.80497 117.75737 117.71266 117.67086 117.63202 117.59621 117.56349 117.534 117.50787 117.48532 117.46661 117.45208 117.44215 117.43735 117.43835 117.44589 117.46088 117.48429 117.51721 117.56074 117.61596 117.68389 117.76535 117.86094 117.97096 118.09535 118.23367
