data/processed_data/bfs/raumluft_4326_int_idw_eg.asc
NCOLS 300
NROWS 300
XLLCORNER 11.5
YLLCORNER 49.3
DX 0.004
DY 0.00367
NODATA_VALUE -9999
[rows 78 to 103 of 300, columns 180 to 239 of 300]
170.1664 166.99159 163.77053 160.57277 157.44772 154.42896 151.5379 148.78689 146.1817 143.72349 141.4103 139.23813 137.20183 135.29556 133.51326 131.84886 130.29646 128.85036 127.50514 126.25562 125.09681 124.02392 123.03228 122.11729 121.27444 120.49923 119.78721 119.134 118.53523 117.98666 117.48412 117.02362 116.60131 116.21354 115.8569 115.52819 115.22449 114.94314 114.68175 114.43821 114.21065 113.9975 113.7974 113.60924 113.43213 113.26535 113.10838 112.96081 112.8224 112.69296 112.57242 112.46075 112.35795 112.26404 112.17905 112.10299 112.03585 111.97757 111.92808 111.88725
171.7613 168.16697 164.57423 161.05463 157.65583 154.40746 151.32588 148.41812 145.68481 143.12241 140.72485 138.48467 136.39376 134.44396 132.62728 130.93617 129.36354 127.90283 126.54793 125.29313 124.13305 123.06258 122.07673 121.17064 120.33951 119.57856 118.88303 118.2482 117.66937 117.14196 116.66146 116.22354 115.82404 115.45904 115.12484 114.81804 114.53552 114.27446 114.03234 113.80697 113.59644 113.39913 113.21372 113.03911 112.87448 112.71918 112.57277 112.43495 112.30559 112.18461 112.07206 111.96801 111.87256 111.78584 111.70797 111.63901 111.57903 111.52803 111.48597 111.45273
173.79326 169.65986 165.602 161.68915 157.96306 154.44555 151.14468 148.05945 145.18321 142.50611 140.01674 137.70324 135.55394 133.55783 131.70469 129.98527 128.39118 126.9149 125.54961 124.28909 123.12759 122.05967 121.08007 120.18367 119.36537 118.62008 117.94269 117.3281 116.77126 116.26716 115.81091 115.39779 115.0233 114.68317 114.37341 114.09037 113.83071 113.59143 113.36989 113.1638 112.97121 112.79048 112.6203 112.45964 112.30772 112.16401 112.02817 111.90004 111.77958 111.66688 111.56211 111.46545 111.37716 111.29746 111.22655 111.1646 111.11175 111.06804 111.03347 111.00797
176.2611 171.45294 166.82827 162.44786 158.34133 154.51741 150.97155 147.69144 144.66068 141.86126 139.27512 136.88508 134.67526 132.63135 130.74067 128.99204 127.37572 125.88319 124.50697 123.24037 122.07732 121.01211 120.03928 119.15343 118.34919 117.62113 116.96376 116.37156 115.83902 115.36068 114.9312 114.54541 114.19838 113.88548 113.60238 113.34513 113.11016 112.89429 112.69472 112.50909 112.33537 112.17195 112.01753 111.87115 111.73213 111.60005 111.4747 111.35606 111.24427 111.13957 111.04226 110.95271 110.87129 110.79835 110.73421 110.67914 110.63334 110.59692 110.56992 110.55228
179.1494 173.51427 168.2145 163.29168 158.7544 154.59118 150.77953 147.29185 144.0992 141.17348 138.48865 136.02129 133.75073 131.65902 129.73074 127.95272 126.31382 124.80459 123.41694 122.14386 120.97904 119.91665 118.95106 118.07668 117.28785 116.57878 115.94356 115.37617 114.87059 114.42081 114.02095 113.66534 113.34855 113.06552 112.81155 112.58235 112.37409 112.18337 112.00727 111.84331 111.68944 111.54404 111.40587 111.27405 111.14802 111.02749 110.91244 110.80302 110.69953 110.60242 110.51216 110.42931 110.35438 110.28788 110.23025 110.18187 110.14302 110.11387 110.09451 110.0849
182.41976 175.79112 169.70521 164.1687 159.15678 154.6287 150.53751 146.83592 143.47943 140.42789 137.64602 135.10337 132.77403 130.63608 128.67124 126.86432 125.20281 123.67646 122.27677 120.99657 119.82954 118.76987 117.81189 116.94987 116.17788 115.48975 114.87908 114.33928 113.86368 113.44566 113.07869 112.75649 112.47309 112.22291 112.00081 111.80215 111.6228 111.45915 111.3081 111.16709 111.03404 110.90736 110.78586 110.66879 110.55573 110.44658 110.3415 110.24085 110.14517 110.0551 109.97136 109.89467 109.82575 109.76528 109.71383 109.67191 109.63987 109.61797 109.60633 109.60492
185.99882 178.20223 171.22364 165.01205 159.49306 154.58553 150.21077 146.29706 142.78139 139.60975 136.73659 134.12386 131.74002 129.55909 127.55982 125.72506 124.04107 122.49701 121.08426 119.79581 118.62564 117.56818 116.61791 115.76903 115.01538 114.35035 113.76694 113.25788 112.81576 112.43316 112.10282 111.81773 111.57127 111.35728 111.17014 111.00478 110.85675 110.72221 110.5979 110.48117 110.36993 110.26261 110.15815 110.05592 109.95569 109.85757 109.76196 109.66949 109.58094 109.49721 109.41927 109.34809 109.28459 109.22963 109.18397 109.14821 109.12282 109.10813 109.10429 109.11128
189.76241 180.62925 172.66773 165.73855 159.69783 154.41162 149.76184 145.6478 141.9854 138.7054 135.75127 133.07708 130.64558 128.42667 126.39619 124.53508 122.82863 121.26574 119.8381 118.53936 117.36425 116.30782 115.36489 114.52973 113.79593 113.15635 112.60329 112.12862 111.72399 111.38107 111.09165 110.84789 110.64241 110.46839 110.31963 110.19063 110.07657 109.97335 109.87757 109.78649 109.69802 109.61066 109.52348 109.43604 109.34832 109.26072 109.1739 109.0888 109.0065 108.92823 108.85522 108.78872 108.7299 108.67984 108.63945 108.60952 108.5906 108.58308 108.58714 108.60279
193.51739 182.90877 173.90764 166.24879 159.69694 154.05282 149.15203 144.86119 141.07332 137.70326 134.68342 131.96011 129.49053 127.24053 125.18311 123.29742 121.56802 119.98406 118.53827 117.2257 116.04248 114.98478 114.04811 113.22689 112.51443 111.90292 111.38375 110.94769 110.58524 110.2869 110.04337 109.8458 109.6859 109.55609 109.44956 109.36029 109.28308 109.21357 109.1482 109.08417 109.0194 108.95252 108.88274 108.80986 108.73415 108.65631 108.57735 108.49857 108.42143 108.34748 108.27832 108.21549 108.16047 108.11456 108.07888 108.05437 108.04169 108.04131 108.05344 108.07805
196.98516 184.82813 174.78655 166.42954 159.41007 153.4533 148.34351 143.91253 140.02997 136.59511 133.52998 130.77385 128.27879 126.00678 123.92786 122.01939 120.26549 118.65632 117.1867 115.85428 114.65762 113.59473 112.66216 111.85459 111.16491 110.58442 110.10325 109.71077 109.39599 109.14798 108.95609 108.81028 108.70121 108.62043 108.56041 108.5146 108.47739 108.44415 108.41116 108.37558 108.33539 108.28936 108.23693 108.17818 108.11372 108.04462 107.97232 107.89853 107.82514 107.75414 107.68749 107.62714 107.57484 107.5322 107.50056 107.48101 107.47435 107.4811 107.50148 107.53544
199.7956 186.12968 175.1269 166.1593 158.75512 152.55881 147.30179 142.78125 138.84462 135.37726 132.29263 129.52429 127.02001 124.73785 122.64444 120.71488 118.93306 117.29124 115.78813 114.42591 113.20718 112.13276 111.20064 110.40575 109.74028 109.19419 108.75591 108.41292 108.15234 107.96141 107.82787 107.74023 107.68797 107.66164 107.65294 107.6547 107.6609 107.66665 107.66808 107.66235 107.64754 107.62259 107.58724 107.54191 107.48763 107.42593 107.35873 107.28826 107.21691 107.14714 107.08142 107.02208 106.97125 106.93085 106.90247 106.88738 106.8865 106.90039 106.92929 106.97311
201.50484 186.5286 174.74334 165.31676 157.65359 151.32038 145.99836 141.45295 137.51248 134.05177 130.97882 128.22391 125.73152 123.45536 121.35712 119.4081 117.59175 115.90423 114.35135 112.94315 111.68872 110.59299 109.65568 108.8717 108.23193 107.72432 107.33488 107.04853 106.84994 106.72409 106.65673 106.63469 106.64607 106.6803 106.72824 106.78209 106.83541 106.88303 106.92099 106.94646 106.95768 106.95384 106.93502 106.90207 106.85653 106.80048 106.73642 106.66718 106.59576 106.52519 106.45846 106.3984 106.34757 106.30821 106.28221 106.27102 106.27569 106.29681 106.33461 106.3889
201.65054 185.74706 173.46168 163.79069 156.03592 149.69752 144.41306 139.92109 136.03591 132.62723 129.60267 126.89302 124.44099 122.19453 120.10644 118.14008 116.27722 114.52112 112.89089 111.41053 110.09938 108.96782 108.01721 107.24152 106.6293 106.16533 105.83213 105.61122 105.48404 105.43277 105.44077 105.4929 105.57568 105.67736 105.78786 105.89875 106.00316 106.09569 106.1723 106.23025 106.26797 106.28498 106.2818 106.25981 106.22112 106.16849 106.10512 106.03454 105.96046 105.88661 105.81658 105.75376 105.7012 105.66153 105.63693 105.62905 105.63906 105.66758 105.71478 105.78037
199.84668 183.55986 171.13857 161.48707 153.84382 147.65962 142.53544 138.18826 134.42522 131.11905 128.18506 125.56088 123.18999 121.0114 118.96 116.98077 115.04972 113.18392 111.42898 109.83421 108.43458 107.2466 106.27177 105.50123 104.91926 104.50577 104.23833 104.09381 104.04953 104.08418 104.17828 104.31446 104.47748 104.6543 104.8339 105.0072 105.16695 105.30754 105.42492 105.51648 105.58094 105.61823 105.62937 105.61639 105.58211 105.53009 105.46436 105.3893 105.30946 105.22934 105.15329 105.08533 105.02904 104.98751 104.96322 104.95804 104.97324 105.00946 105.06675 105.14467
195.89284 179.83559 167.67101 158.32576 151.02511 145.18348 140.36487 136.26708 132.69893 129.54875 126.75253 124.26572 122.03818 119.99472 118.03278 116.05267 114.01269 111.95971 109.99659 108.21971 106.68545 105.41345 104.40095 103.63259 103.08539 102.7319 102.54268 102.48836 102.54104 102.67516 102.86794 103.09949 103.35272 103.61324 103.86911 104.11064 104.33022 104.52211 104.68233 104.80846 104.89958 104.95612 104.97975 104.97322 104.94026 104.88534 104.81349 104.73011 104.64073 104.5508 104.46551 104.38962 104.32733 104.28219 104.25704 104.25396 104.2743 104.31866 104.38698 104.47857
189.84333 174.54892 162.97884 154.21333 147.51359 142.24514 137.90994 134.18142 130.88385 127.94194 125.33359 123.05176 121.06689 119.28549 117.5275 115.58055 113.34837 110.95153 108.62912 106.56483 104.83347 103.4438 102.37907 101.61167 101.1072 100.82735 100.73293 100.78637 100.95322 101.20294 101.50902 101.84886 102.20349 102.55716 102.89709 103.21305 103.49717 103.74366 103.94866 104.11006 104.22736 104.30161 104.33523 104.33188 104.29631 104.23412 104.15154 104.05518 103.95174 103.84778 103.74948 103.66243 103.59153 103.54086 103.51359 103.51204 103.53761 103.59081 103.6714 103.77835
181.98881 167.74354 156.93339 148.96395 143.17963 138.80502 135.18997 131.96994 129.01549 126.32481 123.95107 121.95909 120.37642 119.10596 117.81933 116.00627 113.38899 110.30054 107.34199 104.84164 102.84181 101.29988 100.17034 99.407149 98.9593 98.772955 98.795606 98.979119 99.281179 99.665558 100.10178 100.5645 101.0329 101.49005 101.92241 102.31937 102.67291 102.97728 103.22885 103.42586 103.56837 103.65814 103.69847 103.6941 103.651 103.57614 103.47718 103.36219 103.23927 103.11628 103.00055 102.89864 102.8162 102.75786 102.7272 102.7267 102.75777 102.82082 102.9153 103.03979
172.77238 159.44849 149.17845 142.09368 137.72283 134.7932 132.24815 129.69563 127.13979 124.71915 122.60906 120.99938 120.0592 119.78634 119.63897 118.29044 114.7633 110.11799 106.04237 102.9609 100.64479 98.925472 97.725285 96.978386 96.610924 96.547119 96.71668 97.058443 97.521086 98.062366 98.647856 99.249677 99.845398 100.41714 100.95083 101.43565 101.86358 102.22905 102.5287 102.76126 102.9274 103.0297 103.07249 103.0618 103.00505 102.91085 102.78861 102.64814 102.49924 102.35132 102.21303 102.09202 101.99477 101.92651 101.89116 101.89136 101.92851 102.0028 102.11329 102.25808
162.75823 149.6111 138.70406 132.25275 130.46542 130.13948 129.19808 127.46439 125.31573 123.1375 121.27698 120.11123 120.10665 121.70349 124.44028 124.86393 118.71325 110.0575 104.28675 100.73383 98.144071 96.240187 94.976094 94.273661 94.02619 94.126957 94.482918 95.017885 95.671144 96.394738 97.150806 97.909433 98.647032 99.345134 99.989461 100.56922 101.07656 101.50618 101.85514 102.12266 102.31011 102.42099 102.46083 102.43714 102.35912 102.23734 102.08336 101.90913 101.7265 101.54671 101.37994 101.23506 101.11942 101.03885 100.99758 100.99838 101.04253 101.12995 101.25923 101.42778
152.79584 138.37352 122.98075 115.61772 120.21555 125.03201 126.33048 125.44495 123.61435 121.58059 119.88123 119.11 120.20148 124.78379 134.62218 143.2863 127.97966 107.50056 100.99224 97.938668 95.217615 93.128079 91.830544 91.230025 91.166494 91.491102 92.08422 92.85443 93.732756 94.666873 95.616631 96.550951 97.445745 98.28246 99.046994 99.728862 100.32058 100.81726 101.21636 101.51766 101.72324 101.8376 101.86763 101.82258 101.71378 101.55426 101.35819 101.14017 100.91455 100.69475 100.49273 100.31867 100.18081 100.0855 100.03724 100.03884 100.09141 100.1945 100.34608 100.54274
144.28303 127.85965 99.507107 84.809307 107.52484 120.74808 124.21664 123.85267 122.10465 120.03943 118.32421 117.70198 119.5299 127.05141 148.92169 194.47372 150.22022 97.648218 95.830974 94.592871 91.688491 89.411938 88.16914 87.778814 87.996977 88.62483 89.517121 90.570705 91.711868 92.886617 94.054328 95.183939 96.251667 97.239472 98.13388 98.925045 99.606047 100.17246 100.62216 100.95538 101.17491 101.28626 101.29785 101.22097 101.06955 100.85966 100.60875 100.33476 100.05511 99.785851 99.540938 99.33192 99.167858 99.05549 98.999457 99.002491 99.065488 99.187526 99.365869 99.59608
138.59815 124.40587 90.585609 69.042388 104.18282 119.98607 123.48195 122.84678 120.82123 118.50055 116.53659 115.6491 117.18822 124.53414 147.65065 204.17284 153.35304 81.647364 91.867531 90.69501 87.170731 84.840092 83.863056 83.863485 84.498979 85.527742 86.789159 88.1773 89.620173 91.066129 92.476316 93.820945 95.077361 96.228672 97.262543 98.170123 98.945231 99.583902 100.0843 100.44693 100.67508 100.77528 100.75759 100.63574 100.42686 100.15083 99.829335 99.484527 99.137706 98.808059 98.511789 98.261751 98.067585 97.93614 97.871965 97.87762 97.95374 98.098925 98.309617 98.580141
135.34722 129.20992 114.85276 106.42957 116.74034 123.34298 124.1468 122.38933 119.73064 116.94815 114.52593 112.98522 113.21531 116.9946 127.09895 138.428 121.0683 97.524606 90.173395 85.005391 81.083848 79.177464 78.833188 79.472474 80.687453 82.222606 83.922965 85.694415 87.475717 89.222179 90.89868 92.477595 93.938036 95.264903 96.447577 97.478598 98.352663 99.066138 99.617129 100.00601 100.23623 100.31512 100.25455 100.07116 99.786059 99.424073 99.012344 98.578545 98.148906 97.746426 97.389711 97.092658 96.864949 96.713011 96.640945 96.651041 96.743747 96.917284 97.167236 97.486444
133.08209 135.01125 132.71685 129.80188 129.05349 127.99093 125.51562 122.2287 118.72432 115.35734 112.36704 110.00415 108.6256 108.65297 109.81859 108.80614 100.9968 90.592422 82.390981 76.430925 73.187204 72.401823 73.13478 74.675856 76.626917 78.761831 80.957962 83.151565 85.302301 87.375869 89.341227 91.172782 92.851747 94.365521 95.705939 96.867412 97.845583 98.636806 99.23847 99.650027 99.874408 99.919431 99.798854 99.532821 99.147576 98.674391 98.147695 97.602496 97.071446 96.582203 96.155795 95.806463 95.542881 95.370081 95.291183 95.308183 95.421667 95.629826 95.927483 96.30571
132.44837 139.39481 143.56379 142.74847 137.71206 132.04488 126.80824 122.01284 117.6381 113.6814 110.14016 107.02284 104.32913 101.91797 99.165691 94.752407 87.943903 80.030844 72.0274 65.860147 63.834296 64.836511 67.012946 69.639939 72.435538 75.22683 77.946684 80.583713 83.127169 85.5519 87.82757 89.928967 91.839626 93.550544 95.057126 96.356291 97.444595 98.317666 98.970969 99.401652 99.610957 99.606549 99.40418 99.028371 98.512046 97.895116 97.221904 96.537418 95.882909 95.291776 94.787179 94.382232 94.082604 93.890251 93.806523 93.833351 93.972291 94.222343 94.577905 95.02792
133.52585 137.88486 154.88083 156.28826 144.32712 134.6628 127.36833 121.3681 116.27452 111.84333 107.87765 104.21254 100.66543 96.939874 92.528227 86.867051 80.29981 74.499203 63.469049 54.107834 53.728401 57.228819 60.860799 64.590081 68.271863 71.716308 74.941736 78.022075 80.977208 83.77813 86.385811 88.772809 90.926179 92.842735 94.523285 95.968155 97.174587 98.136171 98.844322 99.291486 99.475221 99.40201 99.089775 98.568723 97.880722 97.077416 96.216816 95.357941 94.553898 93.845273 93.256439 92.7965 92.464491 92.256405 92.170756 92.210212 92.379156 92.679128 93.104813 93.642474
