data/processed_data/bfs/raumluft_4326_int_idw_ke.asc
NCOLS 300
NROWS 300
XLLCORNER 11.5
YLLCORNER 49.3
DX 0.004
DY 0.00367
NODATA_VALUE -9999
[rows 52 to 77 of 300, columns 240 to 299 of 300]
193.08351 192.95323 192.8303 192.71435 192.60503 192.50201 192.40497 192.31362 192.22768 192.1469 192.07101 191.99978 191.933 191.87044 191.81192 191.75723 191.70619 191.65864 191.61441 191.57335 191.5353 191.50013 191.46771 191.4379 191.41058 191.38565 191.36298 191.34247 191.32402 191.30754 191.29293 191.2801 191.26897 191.25946 191.25149 191.24499 191.23989 191.23611 191.2336 191.23228 191.23211 191.23302 191.23496 191.23787 191.2417 191.24641 191.25195 191.25826 191.26532 191.27307 191.28148 191.29051 191.30012 191.31028 191.32095 191.33209 191.34369 191.3557 191.3681 191.38086
192.69324 192.57037 192.45468 192.3458 192.24339 192.14712 192.05667 191.97177 191.89212 191.81748 191.7476 191.68224 191.62119 191.56424 191.51119 191.46184 191.41604 191.3736 191.33437 191.29819 191.26492 191.23443 191.20657 191.18123 191.15829 191.13764 191.11915 191.10275 191.08831 191.07575 191.06499 191.05592 191.04848 191.04258 191.03815 191.03511 191.0334 191.03294 191.03368 191.03556 191.03851 191.04248 191.04742 191.05327 191.05999 191.06752 191.07582 191.08485 191.09457 191.10492 191.11589 191.12742 191.13948 191.15204 191.16506 191.17852 191.19237 191.2066 191.22117 191.23606
192.29995 192.18468 192.07642 191.97479 191.87944 191.79007 191.70637 191.62803 191.55481 191.48644 191.42267 191.36329 191.30807 191.25681 191.20932 191.16541 191.12491 191.08766 191.05349 191.02227 190.99384 190.96808 190.94485 190.92404 190.90552 190.8892 190.87495 190.86268 190.8523 190.84371 190.83683 190.83157 190.82785 190.82559 190.82473 190.82518 190.82689 190.82979 190.83381 190.8389 190.845 190.85206 190.86002 190.86883 190.87845 190.88882 190.89991 190.91167 190.92406 190.93704 190.95057 190.96462 190.97915 190.99412 191.00951 191.02529 191.04142 191.05787 191.07463 191.09166
191.90379 191.79632 191.69566 191.60144 191.51333 191.43101 191.35417 191.28255 191.21587 191.15387 191.09633 191.04302 190.99373 190.94825 190.90641 190.86801 190.8329 190.8009 190.77188 190.74567 190.72214 190.70117 190.68263 190.66639 190.65235 190.6404 190.63043 190.62235 190.61607 190.61148 190.60852 190.60709 190.60713 190.60855 190.61128 190.61526 190.62041 190.62669 190.63402 190.64235 190.65162 190.66179 190.67279 190.68459 190.69713 190.71036 190.72426 190.73876 190.75385 190.76946 190.78558 190.80216 190.81916 190.83657 190.85434 190.87245 190.89086 190.90956 190.9285 190.94768
191.50493 191.40544 191.31255 191.22591 191.14518 191.07005 191.00023 190.93544 190.87541 190.81991 190.7687 190.72156 190.67829 190.63868 190.60257 190.56976 190.5401 190.51343 190.48961 190.46848 190.44991 190.43379 190.41998 190.40837 190.39885 190.39132 190.38567 190.38182 190.37967 190.37913 190.38012 190.38256 190.38638 190.39151 190.39787 190.4054 190.41403 190.42371 190.43437 190.44596 190.45843 190.47173 190.4858 190.50059 190.51607 190.53219 190.5489 190.56618 190.58396 190.60223 190.62095 190.64007 190.65957 190.67942 190.69958 190.72003 190.74074 190.76168 190.78283 190.80416
191.10352 191.01219 190.92725 190.84835 190.77516 190.70736 190.64468 190.58684 190.53359 190.48468 190.4399 190.39902 190.36186 190.32821 190.2979 190.27075 190.24662 190.22534 190.20678 190.19078 190.17723 190.166 190.15698 190.15004 190.14509 190.14202 190.14074 190.14115 190.14317 190.14671 190.15169 190.15803 190.16567 190.17453 190.18455 190.19565 190.20779 190.22089 190.23491 190.24979 190.26547 190.28192 190.29907 190.31689 190.33533 190.35434 190.3739 190.39395 190.41446 190.43539 190.45672 190.4784 190.50041 190.52271 190.54527 190.56808 190.59109 190.61429 190.63765 190.66115
190.69974 190.61676 190.53994 190.46892 190.40341 190.34308 190.28766 190.23689 190.19052 190.14831 190.11005 190.07553 190.04455 190.01694 189.9925 189.97109 189.95255 189.93672 189.92348 189.91268 189.90419 189.89791 189.89372 189.8915 189.89116 189.89259 189.89571 189.90042 189.90664 189.91429 189.92329 189.93357 189.94505 189.95768 189.97137 189.98608 190.00174 190.0183 190.03569 190.05388 190.0728 190.09241 190.11267 190.13353 190.15494 190.17687 190.19928 190.22212 190.24537 190.26899 190.29294 190.31719 190.34171 190.36648 190.39146 190.41662 190.44195 190.46742 190.49299 190.51866
190.29377 190.21931 190.15076 190.08779 190.03009 189.97735 189.92932 189.88573 189.84634 189.81093 189.77928 189.7512 189.72649 189.70498 189.6865 189.67088 189.65799 189.64768 189.6398 189.63424 189.63088 189.62959 189.63027 189.63281 189.63712 189.64309 189.65065 189.65969 189.67015 189.68195 189.695 189.70923 189.72459 189.741 189.7584 189.77674 189.79595 189.81597 189.83677 189.85828 189.88046 189.90326 189.92664 189.95055 189.97496 189.99982 190.02509 190.05075 190.07674 190.10305 190.12964 190.15647 190.18353 190.21077 190.23817 190.26571 190.29336 190.3211 190.3489 190.37675
189.8858 189.82003 189.75991 189.70512 189.65536 189.61035 189.56981 189.53351 189.5012 189.47267 189.44772 189.42615 189.40779 189.39245 189.37998 189.37023 189.36304 189.35829 189.35585 189.35558 189.35738 189.36112 189.36672 189.37406 189.38305 189.3936 189.40563 189.41904 189.43377 189.44973 189.46686 189.48509 189.50434 189.52456 189.5457 189.56768 189.59046 189.61398 189.63819 189.66305 189.6885 189.71451 189.74103 189.76801 189.79542 189.82323 189.85138 189.87986 189.90862 189.93764 189.96687 189.9963 190.02589 190.05562 190.08545 190.11537 190.14536 190.17538 190.20541 190.23544
189.47603 189.4191 189.36757 189.3211 189.27941 189.24222 189.20929 189.18037 189.15523 189.13368 189.1155 189.10052 189.08857 189.07947 189.07307 189.06923 189.06781 189.06868 189.0717 189.07677 189.08377 189.0926 189.10315 189.11532 189.12904 189.1442 189.16072 189.17853 189.19756 189.21772 189.23895 189.26119 189.28436 189.30842 189.33331 189.35896 189.38533 189.41236 189.44001 189.46823 189.49698 189.52621 189.55588 189.58595 189.61638 189.64714 189.6782 189.70951 189.74105 189.77278 189.80467 189.8367 189.86884 189.90106 189.93334 189.96565 189.99797 190.03028 190.06256 190.09478
189.06467 189.01674 188.97391 188.93589 188.90239 188.87315 188.84791 188.82646 188.80858 188.79407 188.78275 188.77443 188.76894 188.76614 188.76588 188.768 188.77239 188.77892 188.78746 188.79791 188.81016 188.8241 188.83963 188.85668 188.87514 188.89494 188.916 188.93824 188.96158 188.98597 189.01133 189.0376 189.06472 189.09263 189.12129 189.15063 189.18061 189.21117 189.24228 189.27388 189.30593 189.3384 189.37124 189.40441 189.43788 189.47161 189.50558 189.53974 189.57406 189.60852 189.64308 189.67773 189.71243 189.74715 189.78188 189.81659 189.85125 189.88586 189.92038 189.9548
188.65192 188.61313 188.57915 188.5497 188.52449 188.50328 188.48584 188.47195 188.4614 188.45401 188.44959 188.44799 188.44904 188.45259 188.4585 188.46665 188.47689 188.48912 188.50322 188.51909 188.53661 188.5557 188.57626 188.5982 188.62145 188.64592 188.67153 188.69822 188.72591 188.75454 188.78405 188.81438 188.84546 188.87725 188.9097 188.94275 188.97635 189.01046 189.04504 189.08004 189.11541 189.15113 189.18716 189.22344 189.25996 189.29668 189.33357 189.37058 189.40771 189.4449 189.48215 189.51942 189.55668 189.59392 189.6311 189.66821 189.70523 189.74214 189.77891 189.81553
188.23801 188.20849 188.18348 188.1627 188.14588 188.1328 188.12323 188.11697 188.11383 188.11362 188.11618 188.12135 188.12898 188.13893 188.15107 188.16527 188.18141 188.19938 188.21907 188.24038 188.26322 188.28749 188.3131 188.33997 188.36803 188.39719 188.42738 188.45854 188.4906 188.5235 188.55718 188.59158 188.62665 188.66234 188.6986 188.73537 188.77261 188.81029 188.84835 188.88676 188.92548 188.96446 189.00368 189.04309 189.08268 189.12239 189.16221 189.20209 189.24202 189.28197 189.32191 189.36181 189.40164 189.4414 189.48105 189.52057 189.55995 189.59916 189.63819 189.67702
187.82316 187.80304 187.78711 187.77509 187.76676 187.76188 187.76026 187.7617 187.76601 187.77304 187.78262 187.79462 187.80887 187.82527 187.84367 187.86396 187.88604 187.90978 187.9351 187.9619 187.99007 188.01955 188.05024 188.08206 188.11495 188.14882 188.18362 188.21927 188.25572 188.29291 188.33078 188.36928 188.40835 188.44795 188.48803 188.52854 188.56944 188.6107 188.65226 188.69409 188.73616 188.77842 188.82085 188.86341 188.90606 188.94878 188.99154 189.03431 189.07706 189.11976 189.1624 189.20494 189.24736 189.28964 189.33176 189.37371 189.41545 189.45697 189.49826 189.5393
187.40761 187.397 187.39023 187.38707 187.3873 187.3907 187.39708 187.40627 187.4181 187.43242 187.44907 187.46792 187.48885 187.51172 187.53642 187.56284 187.59088 187.62043 187.6514 187.6837 187.71725 187.75195 187.78774 187.82454 187.86228 187.90089 187.94031 187.98048 188.02134 188.06283 188.10491 188.14751 188.1906 188.23413 188.27805 188.32231 188.36689 188.41174 188.45681 188.50208 188.54751 188.59307 188.63872 188.68443 188.73016 188.7759 188.82162 188.86727 188.91285 188.95832 189.00366 189.04885 189.09386 189.13868 189.18328 189.22765 189.27176 189.3156 189.35916 189.40241
186.99159 186.99058 186.99307 186.99885 187.00769 187.01943 187.03387 187.05086 187.07024 187.09188 187.11564 187.14139 187.16901 187.19839 187.22942 187.262 187.29603 187.33141 187.36806 187.40589 187.44482 187.48478 187.52569 187.56749 187.6101 187.65347 187.69753 187.74223 187.78751 187.83332 187.87962 187.92635 187.97347 188.02094 188.06871 188.11674 188.165 188.21345 188.26206 188.31078 188.35958 188.40844 188.45732 188.50619 188.55503 188.6038 188.65247 188.70103 188.74944 188.79769 188.84575 188.89359 188.9412 188.98856 189.03564 189.08244 189.12893 189.17509 189.22091 189.26638
186.57536 186.58403 186.59585 186.61061 186.62813 186.64824 186.67078 186.69561 186.72258 186.75157 186.78246 186.81514 186.84948 186.8854 186.92278 186.96153 187.00157 187.04281 187.08515 187.12854 187.17288 187.21811 187.26416 187.31097 187.35847 187.40661 187.45532 187.50457 187.55429 187.60443 187.65497 187.70583 187.757 187.80842 187.86006 187.91187 187.96383 188.0159 188.06804 188.12022 188.17241 188.22459 188.27671 188.32875 188.38069 188.4325 188.48415 188.53562 188.58687 188.63791 188.68869 188.73919 188.78941 188.83931 188.88889 188.93812 188.98698 189.03547 189.08357 189.13126
186.15916 186.17757 186.19876 186.22256 186.24879 186.27731 186.30797 186.34066 186.37525 186.41162 186.44966 186.48928 186.53036 186.57283 186.61658 186.66153 186.7076 186.75471 186.80277 186.85172 186.90149 186.95201 187.00321 187.05505 187.10745 187.16037 187.21376 187.26756 187.32173 187.37623 187.431 187.48602 187.54124 187.59663 187.65214 187.70775 187.76342 187.81911 187.8748 187.93046 187.98605 188.04154 188.09692 188.15215 188.2072 188.26206 188.31669 188.37107 188.42519 188.47901 188.53252 188.5857 188.63852 188.69098 188.74305 188.79472 188.84597 188.89679 188.94716 188.99708
185.74324 185.77144 185.80205 185.8349 185.86986 185.90681 185.94561 185.98617 186.02838 186.07214 186.11735 186.16392 186.21176 186.26079 186.31093 186.36209 186.4142 186.46719 186.52098 186.57552 186.63072 186.68654 186.74291 186.79979 186.85711 186.91482 186.97289 187.03126 187.0899 187.14875 187.20778 187.26696 187.32625 187.38561 187.44501 187.50442 187.56381 187.62314 187.68239 187.74153 187.80053 187.85936 187.918 187.97642 188.0346 188.09251 188.15013 188.20744 188.26442 188.32104 188.37729 188.43315 188.48859 188.54361 188.59818 188.65229 188.70593 188.75908 188.81173 188.86387
185.32787 185.36588 185.40591 185.44783 185.49153 185.5369 185.58385 185.63228 185.68211 185.73325 185.78563 185.83916 185.89377 185.94937 186.0059 186.06328 186.12145 186.18033 186.23987 186.29999 186.36065 186.42178 186.48333 186.54525 186.6075 186.67002 186.73278 186.79573 186.85883 186.92205 186.98535 187.0487 187.11207 187.17541 187.23871 187.30193 187.36505 187.42803 187.49084 187.55347 187.61589 187.67807 187.73998 187.8016 187.86292 187.9239 187.98452 188.04476 188.10461 188.16404 188.22304 188.28158 188.33965 188.39723 188.45431 188.51087 188.5669 188.62239 188.67732 188.73169
184.91329 184.96111 185.01056 185.06154 185.11396 185.16774 185.22281 185.27911 185.33655 185.39508 185.45462 185.51511 185.57648 185.63866 185.70158 185.76519 185.82942 185.8942 185.95948 186.02521 186.09132 186.15777 186.22451 186.29149 186.35867 186.42601 186.49347 186.561 186.62859 186.69618 186.76376 186.83129 186.89873 186.96607 187.03328 187.10032 187.16717 187.23381 187.3002 187.36634 187.43218 187.49771 187.56291 187.62774 187.6922 187.75625 187.81989 187.88308 187.9458 188.00805 188.0698 188.13103 188.19173 188.25188 188.31147 188.37049 188.42891 188.48674 188.54396 188.60055
184.49977 184.55738 184.61621 184.67621 184.73731 184.79948 184.86265 184.92678 184.99182 185.05771 185.1244 185.19184 185.25996 185.32871 185.39804 185.46787 185.53817 185.60886 185.6799 185.75123 185.82281 185.89458 185.96652 186.03856 186.11068 186.18284 186.255 186.32713 186.3992 186.47118 186.54304 186.61475 186.68629 186.75763 186.82875 186.89962 186.97022 187.04052 187.11051 187.18015 187.24943 187.31833 187.38681 187.45487 187.52248 187.58962 187.65627 187.72241 187.78803 187.8531 187.91761 187.98154 188.04488 188.10761 188.16971 188.23119 188.29201 188.35218 188.41169 188.47051
184.08755 184.15489 184.22306 184.29202 184.36176 184.43225 184.50347 184.5754 184.648 184.72123 184.79505 184.86943 184.9443 185.01962 185.09534 185.1714 185.24776 185.32436 185.40116 185.4781 185.55515 185.63226 185.70939 185.78651 185.86358 185.94056 186.01743 186.09416 186.17072 186.24709 186.32324 186.39914 186.47478 186.55013 186.62517 186.69987 186.77423 186.8482 186.92179 186.99495 187.06768 187.13995 187.21174 187.28303 187.3538 187.42404 187.49372 187.56282 187.63133 187.69923 187.76651 187.83315 187.89913 187.96444 188.02907 188.09301 188.15624 188.21875 188.28055 188.34161
183.67689 183.75388 183.83128 183.90913 183.98742 184.06617 184.14539 184.22506 184.30518 184.38572 184.46665 184.54793 184.62954 184.71142 184.79352 184.87582 184.95824 185.04076 185.12332 185.20588 185.2884 185.37085 185.45319 185.53538 185.6174 185.69921 185.7808 185.86213 185.94318 186.02394 186.10438 186.18448 186.26423 186.34359 186.42256 186.50111 186.57923 186.65689 186.73408 186.81077 186.88696 186.96261 187.03771 187.11225 187.18619 187.25953 187.33225 187.40433 187.47575 187.54649 187.61654 187.68589 187.75452 187.82242 187.88958 187.95598 188.02162 188.08649 188.15057 188.21387
183.26802 183.35453 183.44106 183.52767 183.61442 183.70135 183.78848 183.87584 183.96342 184.05122 184.13922 184.2274 184.31572 184.40415 184.49265 184.58116 184.66966 184.75809 184.84641 184.93459 185.0226 185.11039 185.19793 185.2852 185.37217 185.45882 185.54512 185.63106 185.71662 185.80177 185.88651 185.97081 186.05467 186.13805 186.22096 186.30336 186.38525 186.4666 186.54741 186.62765 186.7073 186.78635 186.86477 186.94256 187.01969 187.09615 187.17191 187.24697 187.3213 187.3949 187.46774 187.53981 187.6111 187.6816 187.75129 187.82016 187.88821 187.95543 188.02181 188.08734
182.86116 182.95703 183.05253 183.14778 183.24286 183.33785 183.43281 183.52777 183.62275 183.71777 183.81282 183.90786 184.00289 184.09785 184.19273 184.28747 184.38203 184.47638 184.57047 184.66428 184.75777 184.8509 184.94365 185.03601 185.12793 185.21942 185.31044 185.40099 185.49105 185.5806 185.66964 185.75816 185.84612 185.93354 186.02039 186.10665 186.19232 186.27738 186.36181 186.4456 186.52873 186.61118 186.69295 186.774 186.85433 186.93391 187.01274 187.09079 187.16805 187.2445 187.32014 187.39494 187.46889 187.54199 187.61422 187.68557 187.75604 187.82561 187.89429 187.96205
