data/processed_data/bfs/raumluft_4326_int_idw_eg.asc
NCOLS 300
NROWS 300
XLLCORNER 11.5
YLLCORNER 49.3
DX 0.004
DY 0.00367
NODATA_VALUE -9999
[rows 182 to 207 of 300, columns 240 to 299 of 300]
130.08505 130.80982 131.61064 132.497 133.47318 134.53731 135.68013 136.88383 138.12094 139.35392 140.53611 141.61448 142.53429 143.24541 143.70889 143.90222 143.82197 143.48305 142.9151 142.15723 141.25247 140.24311 139.16747 138.05812 136.94127 135.83703 134.76012 133.72075 132.72555 131.77836 130.88096 130.03364 129.23561 128.48539 127.78104 127.12031 126.50086 125.92027 125.37615 124.86617 124.3881 123.93981 123.5193 123.12468 122.7542 122.4062 122.07916 121.77167 121.48239 121.21011 120.9537 120.7121 120.48435 120.26954 120.06683 119.87546 119.69471 119.52391 119.36243 119.20972
130.82921 131.79414 132.81959 133.92802 135.13318 136.43994 137.84316 139.32592 140.85754 142.39224 143.86971 145.21838 146.36242 147.23145 147.77137 147.95299 147.77605 147.26733 146.47408 145.45498 144.27151 142.98121 141.63366 140.26883 138.91708 137.60023 136.33303 135.12467 133.98014 132.9014 131.88831 130.93928 130.0518 129.22282 128.449 127.72691 127.05312 126.42429 125.83726 125.289 124.7767 124.29773 123.84964 123.43017 123.03724 122.66891 122.32342 121.99913 121.69453 121.40825 121.13902 120.88564 120.64706 120.42227 120.21034 120.01044 119.82178 119.64364 119.47534 119.31626
131.57753 132.79998 134.06817 135.42096 136.88425 138.47212 140.18583 142.01112 143.9145 145.84014 147.70894 149.42224 150.87168 151.955 152.5941 152.74994 152.42876 151.67771 150.57244 149.20156 147.6529 146.00422 144.31864 142.64385 141.01352 139.44976 137.96575 136.56815 135.25901 134.03732 132.90009 131.84318 130.86179 129.95089 129.10545 128.32056 127.59155 126.91404 126.28394 125.69748 125.15118 124.64187 124.16663 123.72279 123.30792 122.91979 122.55638 122.21583 121.89644 121.59668 121.31511 121.05044 120.80148 120.56714 120.34642 120.13838 119.94219 119.75706 119.58227 119.41716
132.3652 133.85181 135.37414 136.98991 138.73969 140.64995 142.73192 144.97732 147.35192 149.78863 152.18325 154.39715 156.27115 157.65109 158.41966 158.52295 157.98052 156.87545 155.33021 153.47946 151.44845 149.34089 147.23504 145.18527 143.22626 141.37772 139.64872 138.04116 136.55235 135.17688 133.90784 132.73769 131.65877 130.66359 129.74507 128.89659 128.11206 127.3859 126.71302 126.0888 125.50908 124.97008 124.46836 124.00085 123.56475 123.15752 122.77687 122.42072 122.08718 121.77453 121.48122 121.20581 120.947 120.70361 120.47456 120.25883 120.05553 119.86381 119.6829 119.51209
133.22866 134.97265 136.75219 138.6444 140.70697 142.98284 145.49874 148.25869 151.23295 154.34444 157.45692 160.37316 162.85273 164.65435 165.59391 165.59454 164.70356 163.06931 160.89309 158.3806 155.70918 153.01385 150.38731 147.88688 145.54351 143.36996 141.36732 139.52967 137.84724 136.30848 134.90129 133.61384 132.43491 131.3541 130.36195 129.44989 128.61021 127.83602 127.12114 126.46006 125.84785 125.2801 124.75287 124.26263 123.8062 123.38074 122.98369 122.61274 122.2658 121.94099 121.6366 121.35108 121.08302 120.83114 120.59428 120.37135 120.1614 119.96352 119.77689 119.60077
134.1997 136.18082 138.21159 140.38722 142.78482 145.46937 148.4917 151.87912 155.61789 159.6283 163.73741 167.66338 171.0337 173.45503 174.62392 174.42714 172.97139 170.52775 167.4325 164.0003 160.47754 157.03249 153.76621 150.73027 147.94342 145.40441 143.10089 141.01511 139.12738 137.41801 135.86835 134.46129 133.18138 132.0149 130.94966 129.97494 129.08127 128.26034 127.50481 126.80822 126.16486 125.56967 125.01817 124.50638 124.03076 123.58813 123.17568 122.79086 122.4314 122.09524 121.78053 121.48561 121.20896 120.94921 120.70511 120.47552 120.25941 120.05584 119.86394 119.68291
135.2991 137.48693 139.7544 142.21238 144.96023 148.09242 151.69655 155.84145 160.55194 165.76661 171.28116 176.69741 181.42533 184.79477 186.27649 185.69809 183.29848 179.58822 175.13735 170.42279 165.77351 161.38213 157.34132 153.68011 150.39134 147.44958 144.82196 142.47406 140.37305 138.48897 136.7952 135.26846 133.88852 132.63786 131.50136 130.46595 129.52033 128.65467 127.86044 127.13021 126.45746 125.83648 125.26227 124.73039 124.23691 123.77837 123.35167 122.95406 122.58306 122.23647 121.91231 121.60877 121.32426 121.05731 120.80661 120.57094 120.34922 120.14046 119.94374 119.75824
136.53344 138.89268 141.37473 144.10405 147.20588 150.8138 155.06952 160.11127 166.04262 172.86848 180.38812 188.06233 194.94403 199.8358 201.75064 200.4178 196.38617 190.6513 184.18632 177.69192 171.57181 166.00899 161.05209 156.67923 152.83731 149.46352 146.49595 143.8783 141.56126 139.50261 137.66655 136.02283 134.54596 133.2144 132.0099 130.91696 129.92235 129.01476 128.18443 127.42295 126.72302 126.0783 125.48323 124.93296 124.4232 123.95018 123.51056 123.10136 122.71994 122.36394 122.03125 121.71997 121.4284 121.15499 120.89835 120.65723 120.43048 120.21706 120.01603 119.82652
137.8972 140.39275 143.06024 146.03721 149.47917 153.56987 158.52643 164.59478 172.02164 180.97414 191.36185 202.53601 212.98745 220.46973 222.98776 220.10569 213.14909 204.12742 194.68022 185.75845 177.76875 170.80186 164.79879 159.64472 155.21483 151.39368 148.08162 145.19536 142.66637 140.43857 138.46607 136.71122 135.14301 133.73575 132.46805 131.32195 130.28234 129.3364 128.47322 127.68343 126.95899 126.29292 125.67918 125.11249 124.58823 124.10236 123.65128 123.23184 122.84123 122.47694 122.13675 121.81866 121.52088 121.2418 120.97996 120.73405 120.50289 120.28538 120.08056 119.88752
139.38042 141.97979 144.79613 147.98078 151.72407 156.27046 161.93444 169.11424 178.28895 189.95324 204.38139 221.04646 237.68251 249.89333 253.23368 247.00021 234.62488 220.26201 206.50343 194.39825 184.14138 175.57447 168.43634 162.46686 157.44171 153.17847 149.53244 146.38982 143.66109 141.27557 139.17699 137.32028 135.66893 134.19323 132.86869 131.67506 130.59542 129.61555 128.72343 127.9088 127.16293 126.47828 125.84834 125.26745 124.7307 124.23377 123.77287 123.34466 122.94618 122.57482 122.22823 121.90434 121.60127 121.31735 121.05108 120.80109 120.56616 120.34516 120.1371 119.94104
140.97894 143.65201 146.57168 149.90412 153.87746 158.80426 165.11267 173.39192 184.44949 199.33788 219.18273 244.3358 272.06548 293.66203 298.01373 284.05302 261.46291 238.70322 219.09083 203.11229 190.31265 180.05765 171.77607 165.01338 159.42432 154.75062 150.79931 147.42517 144.51785 141.99245 139.78288 137.83704 136.1134 134.57849 133.20508 131.97077 130.85704 129.84841 128.93187 128.09639 127.33261 126.63248 125.98909 125.39647 124.84941 124.34339 123.87443 123.43904 123.03413 122.65699 122.30518 121.97655 121.66917 121.38131 121.11141 120.85808 120.62005 120.39619 120.18545 119.9869
142.7046 145.42208 148.3895 151.78702 155.88095 161.05373 167.85045 177.06346 189.88376 208.13072 234.44424 271.7352 319.24832 361.26392 366.43545 333.42962 292.24031 257.69558 231.15695 211.06285 195.75179 183.91439 174.60061 167.1409 161.06561 156.04274 151.8342 148.26641 145.21056 142.56943 140.26844 138.24955 136.46692 134.88394 133.47103 132.20404 131.06306 130.03156 129.0957 128.24381 127.466 126.75381 126.1 125.49831 124.94332 124.43032 123.95519 123.51432 123.10451 122.72296 122.36717 122.03492 121.72424 121.43335 121.16067 120.90477 120.66436 120.43827 120.22546 120.02496
144.59314 147.32676 150.27722 153.63379 157.69812 162.91959 169.94773 179.74466 193.83193 214.78485 247.10314 298.22328 376.31191 464.94186 470.11078 388.42442 319.78675 273.29882 240.65969 217.15534 199.84754 186.7893 176.69475 168.71371 162.27665 156.99435 152.59466 148.88284 145.71648 142.98928 140.62041 138.5474 136.72124 135.10297 133.66122 132.37051 131.20989 130.16203 129.21246 128.34902 127.5614 126.84084 126.17984 125.57194 125.01154 124.49381 124.01451 123.56994 123.15682 122.7723 122.41382 122.07913 121.76621 121.47326 121.19867 120.94099 120.69891 120.47127 120.25698 120.05509
146.70885 149.43625 152.30275 155.49239 159.33596 164.3497 171.26944 181.15115 195.65515 217.70346 252.86523 312.01312 415.01178 579.28451 590.75556 407.89001 329.53774 280.42771 245.44262 220.3563 202.06605 188.38904 177.88765 169.62663 162.98928 157.55927 153.04813 149.25078 146.01791 143.23848 140.82827 138.72233 136.86979 135.23027 133.77134 132.46666 131.29465 130.23744 129.28018 128.41035 127.61742 126.8924 126.22764 125.61652 125.05338 124.53326 124.05188 123.60546 123.1907 122.8047 122.44487 122.10894 121.79487 121.50084 121.22523 120.96659 120.7236 120.49507 120.27993 120.07721
149.14175 151.86129 154.59603 157.48387 160.8705 165.36114 171.78567 181.21544 195.18601 216.28296 249.34157 303.25021 390.04417 498.58719 388.60299 337.09225 315.60542 276.99853 244.46132 220.14254 202.13829 188.5668 178.09307 169.82518 163.1668 157.71147 153.17542 149.35563 146.10353 143.30811 140.88491 138.7686 136.90789 135.26204 133.79826 132.48993 131.31521 130.25605 129.29739 128.42661 127.63305 126.90765 126.24268 125.63148 125.06833 124.54825 124.06693 123.62058 123.20589 122.81993 122.46013 122.12418 121.81007 121.51598 121.24027 120.98149 120.73832 120.5096 120.29424 120.09127
151.98334 154.74726 157.38562 159.86022 162.48393 166.04354 171.55921 180.10161 192.88582 211.61707 239.07349 279.17239 331.01074 358.92506 298.74487 302.29767 294.77296 265.82643 238.41433 216.75999 200.16878 187.36922 177.33059 169.31569 162.80908 157.44784 152.97224 149.19287 145.969 143.19424 140.78686 138.6832 136.833 135.19612 133.74018 132.4388 131.27032 130.21678 129.26321 128.39706 127.60769 126.88609 126.22455 125.61646 125.0561 124.53855 124.05948 123.61515 123.20225 122.81789 122.45949 122.12479 121.81177 121.51861 121.24372 120.98564 120.74307 120.51484 120.29989 120.09725
155.23591 158.21167 161.07245 163.14927 164.53713 166.53343 170.65253 178.05114 189.59582 205.97522 227.75339 255.11198 285.01315 304.10665 300.3988 290.3071 273.47705 250.78416 229.15488 211.09163 196.59199 185.01784 175.71667 168.16078 161.95026 156.78705 152.4487 148.76779 145.61691 142.89792 140.53436 138.46595 136.64471 135.03203 133.59661 132.31283 131.15958 130.11931 129.17738 128.32146 127.54115 126.82756 126.17314 125.57137 125.01664 124.5041 124.02949 123.58914 123.17978 122.79857 122.44297 122.11077 121.79995 121.50876 121.23561 120.97906 120.73784 120.5108 120.29689 120.09516
158.53785 162.04636 166.41758 168.58438 167.71261 166.93183 168.94922 175.08491 185.99634 201.62088 220.59659 240.33786 257.89175 269.54743 271.79521 265.04254 251.6862 235.15232 218.78193 204.265 192.00315 181.83309 173.42884 166.46173 160.64971 155.76473 151.62662 148.09401 145.0559 142.42475 140.13107 138.1193 136.3447 134.77096 133.36842 132.11266 130.98348 129.96403 129.04021 128.20012 127.43367 126.7323 126.08864 125.4964 124.95012 124.44506 123.97711 123.54268 123.13859 122.76208 122.41068 122.08221 121.77473 121.48651 121.21601 120.96182 120.72271 120.49754 120.2853 120.08505
160.52498 164.4251 175.21664 179.5351 173.09303 167.04207 165.90717 170.64199 181.99638 199.99167 221.5972 240.02079 250.21043 253.09022 250.87175 244.22537 233.89398 221.53288 208.93044 197.24525 186.95941 178.13848 170.65848 164.33443 158.97931 154.42656 150.53571 147.19128 144.2994 141.78404 139.58361 137.64806 135.93655 134.41562 133.0577 131.83995 130.74337 129.75206 128.85264 128.0338 127.28594 126.60088 125.97158 125.392 124.85692 124.36179 123.90265 123.47605 123.07895 122.70866 122.36281 122.0393 121.73626 121.45201 121.18505 120.93405 120.69779 120.47517 120.26521 120.067
158.60964 156.4651 193.8237 205.23737 180.6225 165.70385 160.35451 163.26455 176.02185 201.03403 235.13484 261.08815 264.39957 254.87803 243.42566 232.51753 221.73707 210.89828 200.36851 190.5955 181.84461 174.18698 167.57089 161.88741 157.01119 152.82121 149.20938 146.08296 143.36405 140.9879 138.90095 137.05899 135.42546 133.97008 132.6677 131.49733 130.44142 129.48518 128.61617 127.82379 127.09905 126.43424 125.82276 125.25888 124.73767 124.25483 123.8066 123.38969 123.00122 122.63864 122.29967 121.98231 121.68478 121.40547 121.14295 120.89592 120.66323 120.44383 120.23675 120.04114
156.49403 115.62592 218.64976 233.09534 182.42371 160.44118 150.75358 150.67033 164.21792 201.00891 267.57103 319.94627 301.8869 269.91408 245.01515 227.14563 213.75819 202.72614 193.06693 184.46496 176.83611 170.13166 164.28441 159.20814 154.8089 150.99472 147.68117 144.79374 142.26826 140.05022 138.09376 136.36041 134.818 133.43961 132.2027 131.08831 130.08051 129.16583 128.33284 127.57183 126.87448 126.23368 125.64329 125.098 124.59322 124.12492 123.68959 123.28417 122.90593 122.55247 122.22166 121.91161 121.62062 121.34719 121.08994 120.84767 120.61925 120.4037 120.2001 120.00762
178.80857 150.92147 169.66515 192.66606 170.41384 150.14413 136.57914 131.32188 141.7403 187.71158 311.30986 451.94833 333.09279 284.42841 247.69905 223.42966 207.44086 195.82667 186.55855 178.73083 171.95255 166.03705 160.86963 156.35909 152.42345 148.98733 145.98239 143.34792 141.03095 138.98587 137.17379 135.56172 134.12177 132.83041 131.66779 130.61713 129.66422 128.797 128.00521 127.28008 126.6141 126.00079 125.43456 124.91057 124.42461 123.97298 123.55245 123.1602 122.79369 122.4507 122.12927 121.82762 121.54417 121.2775 121.02635 120.78957 120.5661 120.35501 120.15545 119.96662
252.57815 180.39878 170.72087 169.37443 156.05516 137.92363 120.37708 108.62129 112.82786 150.80802 277.77402 403.79456 306.05155 282.20156 242.99285 217.11707 200.56725 189.06557 180.30874 173.17683 167.13404 161.91254 157.36176 153.38134 149.89351 146.83253 144.14096 141.76836 139.67075 137.81002 136.15345 134.6731 133.34517 132.14945 131.06881 130.08867 129.19665 128.38218 127.63625 126.95111 126.32009 125.73746 125.19821 124.69801 124.23308 123.80009 123.39613 123.01861 122.66524 122.33401 122.02308 121.73086 121.45588 121.19684 120.95255 120.72195 120.50407 120.29804 120.10304 119.91836
299.41206 203.11416 173.41689 160.23134 145.97578 128.22111 107.72884 86.507927 119.69039 117.39864 200.50806 275.06145 281.54041 256.42062 227.49937 206.46184 192.08011 181.80265 173.96054 167.62832 162.31292 157.74738 153.777 150.30161 147.24805 144.55773 142.18126 140.07613 138.20554 136.53773 135.04541 133.70519 132.49715 131.40428 130.41213 129.50835 128.68241 127.92532 127.22933 126.58779 125.99496 125.44584 124.9361 124.46195 124.02006 123.60751 123.22171 122.86036 122.52144 122.20312 121.90377 121.62193 121.35629 121.10565 120.86894 120.64519 120.4335 120.23307 120.04316 119.86308
247.12108 196.60628 169.65966 154.05221 139.88711 123.3789 103.817 85.433204 95.939648 117.60544 163.89948 208.40745 226.3021 220.4557 206.28869 192.89067 182.25339 173.98926 167.41412 162.01214 157.45345 153.53442 150.12566 147.13908 144.50959 142.18567 140.12467 138.29049 136.65231 135.18378 133.86237 132.66891 131.58705 130.60289 129.70458 128.88201 128.12652 127.4307 126.78814 126.19332 125.64145 125.12833 124.65032 124.20419 123.78712 123.3966 123.0304 122.68653 122.36321 122.05887 121.77205 121.50147 121.24596 121.00446 120.776 120.55971 120.35477 120.16046 119.97609 119.80106
199.13699 178.62283 161.64371 148.82171 136.87509 123.27951 106.08294 88.815586 104.93444 124.53884 150.217 174.87952 189.0623 191.19193 186.21121 179.04071 172.05938 165.95624 160.76468 156.34753 152.55836 149.27886 146.41904 143.90988 141.69691 139.73589 137.9902 136.42922 135.02721 133.76255 132.61704 131.57532 130.62449 129.75358 128.95333 128.21583 127.5343 126.90291 126.31665 125.77113 125.26253 124.7875 124.34309 123.92669 123.53597 123.16886 122.82351 122.49826 122.19159 121.90216 121.62874 121.37021 121.12555 120.89384 120.67423 120.46595 120.26828 120.08055 119.90218 119.7326
